50,75,112,168,252,378,567,850,1275,1912,
-1.3437500000000000,-1.3455810546875000,-1.3408203125000000,-1.3361892700195312,-1.3342285156250000,-1.3339843750000000,-1.3334960937500000,-1.3334884643554688,-1.3333740234375000,-1.3333611488342285,
4.0000000000000000,4.0000000000000000,4.0000000000000000,4.0000000000000000,4.0000000000000000,4.0000000000000000,4.0000000000000000,4.0000000000000000,4.0000000000000000,4.0000000000000000,
7.8633925422986453,7.8633925422986453,7.8667981421126045,7.8667798425954167,7.8669704069295783,7.8668511287027396,7.8668660841604883,7.8668382225105127,7.8668492601093547,7.8668430969340859,
0.0000753317675440,0.0000181909363637,0.0000071196838671,0.0000014887937858,0.0000002604484527,0.0000000516129360,0.0000000132390406,0.0000000024838323,0.0000000004380254,0.0000000001152661,
0.0000000000000000,0.0000000000000000,0.0000000000000000,0.0000000000000000,0.0000000000000000,0.0000000000000000,0.0000000000000000,0.0000000000000000,0.0000000000000000,0.0000000000000000,
0.0000120267348967,0.0000120232540580,0.0000024673526241,0.0000003773351560,0.0000002429448638,0.0000000638108496,0.0000000206103696,0.0000000063504441,0.0000000017002230,0.0000000003776885,
-1.3437500000000000,-1.3437500000000000,-1.3437500000000000,-1.3359375000000000,-1.3359375000000000,-1.3339843750000000,-1.3339843750000000,-1.3334960937500000,-1.3334960937500000,-1.3333740234375000,
4.0000000000000000,4.0000000000000000,4.0000000000000000,4.0000000000000000,4.0000000000000000,4.0000000000000000,4.0000000000000000,4.0000000000000000,4.0000000000000000,4.0000000000000000,
7.8633925422986470,7.8633925422986470,7.8633925422986470,7.8659793961735920,7.8659793961735920,7.8666270318777540,7.8666270318777540,7.8667889984290635,7.8667889984290635,7.8668294936682504,
0.0000323391126349,0.0000322706672244,0.0000322312610748,0.0000020169276216,0.0000020435545743,0.0000001275588544,0.0000001276895059,0.0000000079307056,0.0000000079581756,0.0000000004941273,
0.0000000000000000,0.0000000000000000,0.0000000000000000,0.0000000000000000,0.0000000000000000,0.0000000000000000,0.0000000000000000,0.0000000000000000,0.0000000000000000,0.0000000000000000,
0.0000061886561590,0.0000060740983776,0.0000061804384330,0.0000004052387276,0.0000004070461409,0.0000000270077985,0.0000000269200707,0.0000000018310116,0.0000000018384598,0.0000000001238811,
-1.3323745109497489,-1.3413376057889921,-1.3249675830002858,-1.3345307240289894,-1.3354582958922605,-1.3313762427353992,-1.3392053422120069,-1.3326122571901984,-1.3289735647497689,-1.3332540582334287,
4.0000000000000000,4.0000000000000000,4.0000000000000000,4.0000000000000000,4.0000000000000000,4.0000000000000000,4.0000000000000000,3.9999999999999996,4.0000000000000000,3.9999999999999996,
7.8429375248303925,7.8880692278680238,7.8895529147392436,7.8764980340859472,7.8636626780957011,7.8674005484629213,7.8601817853806670,7.8676046034220901,7.8675155658566513,7.8664011627977315,
0.1116455266587921,0.1117988764376148,0.1115685103838345,0.1127001678949700,0.1118430251137025,0.1118231207779690,0.1121410773448561,0.1118171987778156,0.1117341854869093,0.1112385843473772,
0.0025838768158791,0.0025592703057904,0.0025843562005771,0.0002495791667037,0.0002469131454117,0.0000228408754910,0.0000230372766907,0.0000020240001137,0.0000020157213797,0.0000001691370644,
4.6423812616676923,4.9357262104855435,4.7302807204754016,0.8672468068779936,0.9020235717064911,0.1146439709005918,0.1159742731723499,0.0116646217648626,0.0121908991357820,0.0012386376561016,
0.0000000000000000,0.0000000000000000,0.0000000000000000,0.0000000000000000,0.0000000000000000,0.0000000000000000,0.0000000000000000,0.0000000000000000,0.0000000000000000,0.0000000000000000,
0.0001527720682150,0.0001515084836472,0.0001528871424488,0.0000095337003433,0.0000095555548416,0.0000005970493034,0.0000005942349908,0.0000000370732227,0.0000000372400507,0.0000000023379872,
3.2231832178935513,3.0469767343443075,3.1543671920553282,0.5266621279363064,0.5343300922164443,0.0670199379773748,0.0646700364423407,0.0065529275780424,0.0066329878933825,0.0006461275187802,
0.1236019384541110,0.1243052931148771,0.1236452069011025,0.1231431551555825,0.1242711283282738,0.1238002797150316,0.1248821058823041,0.1234639374731968,0.1238857655989381,0.1233363756133267,
0.0017993209124698,0.0017789025046894,0.0017812755993889,0.0007139937195084,0.0007077284750565,0.0006108186213127,0.0006172897116787,0.0006025818282675,0.0006067758248836,0.0006051287960105,
15.5401202523285669,17.1214985378224611,16.1739846828600804,2.6357410041686058,2.8763068918479395,0.3481914057599933,0.3479515667159612,0.0345020344804952,0.0345402031023323,0.0033762161021158,
0.1120655593066924,0.1123855028464697,0.1112652429756844,0.1114477764656945,0.1115056040769119,0.1124349495318659,0.1120836201193002,0.1117747090653624,0.1116096524913614,0.1118324739975274,
0.0153386944226973,0.0114888202623376,0.0117902739347244,0.0098703178611025,0.0103834195446357,0.0104414803282212,0.0104400232557020,0.0105822016959041,0.0106688032430386,0.0105976695137630,
8.5888090629516025,7.6988711152706157,1.2587628649637510,0.1790873663648021,0.0989319645305219,0.0838021401321143,0.0933459683329189,0.0911377128813553,0.0914975954876998,0.0919394127349011,
0.0000000000000000,0.0000000000000000,0.0000000000000000,0.0000000000000000,0.0000000000000000,0.0000000000000000,0.0000000000000000,0.0000000000000000,0.0000000000000000,0.0000000000000000,
0.0001533155138626,0.0000232269506980,0.0000051102163984,0.0000012897741630,0.0000002779601049,0.0000000278657627,0.0000000071497417,0.0000000013440724,0.0000000001535638,0.0000000000573603,
16.9862230161195420,8.2346134501702544,2.8047906686887938,2.4901362379890570,2.7973222516098240,2.8155985722802779,2.9780123522604320,2.9535199379655714,3.0333670391720209,2.9518852924048784,
0.1242562399969630,0.1229740522091152,0.1238372561881988,0.1227262886807081,0.1238832460198725,0.1238653542067188,0.1235019512266980,0.1247740782246135,0.1233818342668468,0.1242586181783499,
0.0025623091610540,0.0024484156165108,0.0017834725942953,0.0008138313937108,0.0006929363981168,0.0006276795588299,0.0006117091528981,0.0006100598314391,0.0006041537415271,0.0005999360349961,
27.6950984988171420,28.2714005355703542,7.9846917866769553,1.4792682506983779,0.7420611988437917,0.1261469064350463,0.0242357016831690,0.0005830614180235,0.0002607942673799,0.0000555785005681,

113,113,113,257,257,577,577,1281,1281,2817,