0
1
0.5
0.25
0.75
0.125
0.375
0.625
0.875
0.8125
0.9375
0.3125
0.4375
0.0625
0.1875
0.5625
0.6875
0.65625
0.71875
0.15625
0.21875
0.03125
0.09375
0.40625
0.46875
0.28125
0.34375
0.78125
0.84375
0.53125
0.59375
0.90625
0.96875
0.203125
0.234375
0.890625
0.921875
0.015625
0.046875
0.828125
0.859375
0.765625
0.796875
0.328125
0.359375
0.078125
0.109375
0.453125
0.484375
0.390625
0.421875
0.703125
0.734375
0.351562
0.367188
0.695312
0.710938
0.0703125
0.0859375
0.382812
0.398438
0.476562
0.492188
0.445312
0.460938
0.101562
0.117188
0.882812
0.898438
0.757812
0.773438
0.820312
0.835938
0.0078125
0.0234375
0.0976562
0.105469
0.0390625
0.0546875
0.441406
0.449219
0.488281
0.496094
0.472656
0.480469
0.320312
0.335938
0.378906
0.386719
0.0820312
0.0898438
0.0664062
0.0742188
0.226562
0.242188
0.0800781
0.0839844
0.0878906
0.0917969
0.376953
0.380859
0.332031
0.339844
0.316406
0.324219
0.0957031
0.0996094
0.0507812
0.0585938
0.0351562
0.0429688
0.0195312
0.0273438
0.0791016
0.0810547
0.0175781
0.0214844
0.222656
0.230469
0.0332031
0.0371094
0.0566406
0.0605469
0.0488281
0.0527344
0.0830078
0.0849609
0.0947266
0.0966797
0.322266
0.326172
0.314453
0.318359
0.317383
0.319336
0.0942383
0.0952148
0.313477
0.31543
0.0844727
0.0854492
0.228516
0.232422
0.0825195
0.0834961
0.0722656
0.0761719
0.0205078
0.0224609
0.0805664
0.081543
0.0253906
0.0292969
0.384766
0.388672
0.0803223
0.0808105
0.316895
0.317871
0.083252
0.0837402
0.227539
0.229492
0.0842285
0.0847168
0.318848
0.319824
0.314941
0.315918
0.0712891
0.0732422
0.312988
0.313965
0.470703
0.474609
0.0727539
0.0737305
0.0869141
0.0888672
0.0708008
0.0717773
0.314697
0.315186
0.0244141
0.0263672
0.238281
0.246094
0.0751953
0.0771484
0.0949707
0.095459
0.0219727
0.0229492
0.0322266
0.0341797
0.0217285
0.0222168
0.0361328
0.0380859
0.0258789
0.0268555
0.315063
0.315308
0.314575
0.314819
0.469727
0.47168
0.0705566
0.0710449
0.244141
0.248047
0.0883789
0.0893555
0.816406
0.824219
0.0881348
0.088623
0.0948486
0.0950928
0.243164
0.245117
0.471191
0.472168
0.469238
0.470215
0.0227051
0.0231934
0.0256348
0.026123
0.314514
0.314636
0.00390625
0.0117188
0.0715332
0.0720215
0.00195312
0.00585938
0.0216064
0.0218506
0.022583
0.0228271
0.242676
0.243652
0.0950317
0.0951538
0.244629
0.245605
0.0880127
0.0882568
0.0891113
0.0895996
0.24707
0.249023
0.0908203
0.0927734
0.0894775
0.0897217
0.244385
0.244873
0.0879517
0.0880737
0.0951233
0.0951843
0.0950012
0.0950623
0.246582
0.247559
0.022522
0.022644
0.00488281
0.00683594
0.000976562
0.00292969
0.469971
0.470459
0.000488281
0.00146484
0.470947
0.471436
0.00439453
0.00537109
0.0224915
0.0225525
0.0951691
0.0951996
0.0226135
0.0226746
0.0879211
0.0879822
0.0896606
0.0897827
0.0894165
0.0895386
0.470337
0.470581
0.0879059
0.0879364
0.0709229
0.071167
0.0225372
0.0225677
0.0224762
0.0225067
0.00512695
0.00561523
0.0879669
0.0879974
0.0012207
0.00170898
0.000244141
0.000732422
0.00244141
0.00341797
0.0704346
0.0706787
0.00219727
0.00268555
0.0864258
0.0874023
0.0225601
0.0225754
0.089386
0.089447
0.095192
0.0952072
0.236328
0.240234
0.00634766
0.00732422
0.0880432
0.0881042
0.248535
0.249512
0.0734863
0.0739746
0.248291
0.248779
0.469849
0.470093
0.00708008
0.00756836
0.00610352
0.0065918
0.239258
0.241211
0.088028
0.0880585
0.0952034
0.095211
0.0951881
0.0951958
0.0225716
0.0225792
0.245361
0.24585
0.0951939
0.0951977
0.0220947
0.0223389
0.0952091
0.0952129
0.0952015
0.0952053
0.240723
0.241699
0.0986328
0.100586
0.248169
0.248413
0.0738525
0.0740967
0.0733643
0.0736084
0.473633
0.475586
0.0733032
0.0734253
0.471924
0.472412
0.0737915
0.0739136
0.248108
0.24823
0.0952005
0.0952024
0.0725098
0.072998
0.0951929
0.0951948
0.0222778
0.0223999
0.245728
0.245972
0.312744
0.313232
0.0223694
0.0224304
0.313721
0.314209
0.0222473
0.0223083
0.0951943
0.0951953
0.0951924
0.0951934
0.0225296
0.0225449
0.248077
0.248138
0.0732727
0.0733337
0.475098
0.476074
0.0951931
0.0951936
0.474854
0.475342
0.0896301
0.0896912
0.0732574
0.073288
0.832031
0.839844
0.103516
0.107422
0.248062
0.248093
0.0200195
0.0209961
0.769531
0.777344
0.0951614
0.0951767
0.0951941
0.0951946
0.767578
0.771484
0.0951951
0.0951955
0.830078
0.833984
0.0732803
0.0732956
0.0732498
0.0732651
0.0951922
0.0951927
0.095193
0.0951933
0.47583
0.476318
0.0733185
0.073349
0.313599
0.313843
0.0733109
0.0733261
0.0852051
0.0856934
0.095193
0.0951931
0.0951926
0.0951928
0.0951921
0.0951923
0.0222321
0.0222626
0.073246
0.0732536
0.0732918
0.0732994
0.0732765
0.0732841
0.312622
0.312866
0.0732746
0.0732784
0.31311
0.313354
0.0732899
0.0732937
0.0732517
0.0732555
0.0732441
0.0732479
0.0197754
0.0202637
0.0951931
0.0951931
0.0951929
0.095193
0.0222549
0.0222702
0.073761
0.073822
0.0222511
0.0222588
0.245667
0.245789
0.0951929
0.095193
0.0951931
0.0951931
0.095193
0.0951931
0.245911
0.246033
0.0732431
0.073245
0.0732508
0.0732527
0.0732927
0.0732946
0.0802002
0.0804443
0.0732446
0.0732455
0.0737457
0.0737762
0.24588
0.245941
0.0951931
0.0951931
0.095193
0.0951931
0.0738068
0.0738373
0.0951931
0.0951931
0.0951929
0.095193
0.0951929
0.0951929
0.0894318
0.0894623
0.0951929
0.0951929
0.0801392
0.0802612
0.0951929
0.095193
0.0951931
0.0951931
0.0951931
0.0951931
0.0803833
0.0805054
0.095193
0.095193
0.0951931
0.0951931
0.0951931
0.0951931
0.0893707
0.0894012
0.0951931
0.0951931
0.0894241
0.0894394
0.095193
0.095193
0.0951931
0.0951931
0.0951929
0.095193
0.0894547
0.0894699
0.0951929
0.0951929
0.0951929
0.0951929
0.0951929
0.0951929
0.0893631
0.0893784
0.0951929
0.0951929
0.0893936
0.0894089
0.0951929
0.0951929
0.0951929
0.0951929
0.0951931
0.0951931
0.095193
0.095193
0.0951931
0.0951931
0.0951931
0.0951931
0.0951931
0.0951931
0.248085
0.2481
0.0951931
0.0951931
0.0896759
0.0897064
0.0951931
0.0951931
0.0951931
0.0951931
0.0951931
0.0951931
0.095202
0.0952029
0.0951929
0.0951929
0.0951929
0.0951929
0.0951929
0.0951929
0.0952044
0.0952063
4.0885e+08
4.0885e+08
0.248123
0.248154
4.0885e+08
4.0885e+08
4.0885e+08
4.0885e+08
4.08851e+08
4.08851e+08
0.095193
0.095193
4.08851e+08
4.08851e+08
4.08851e+08
4.08851e+08
4.08851e+08
4.08851e+08
0.022541
0.0225487
4.08851e+08
4.08851e+08
0.0981445
0.0991211
4.08851e+08
4.08851e+08
4.0885e+08
4.0885e+08
4.0885e+08
4.0885e+08
0.0897522
0.0898132
0.248116
0.248131
0.0952039
0.0952048
4.0885e+08
4.0885e+08
0.473145
0.474121
0.0952046
0.0952051
0.248199
0.24826
4.0885e+08
4.0885e+08
4.08851e+08
4.08851e+08
4.08851e+08
4.08851e+08
0.0225258
0.0225334
0.0225391
0.022543
4.08851e+08
4.08851e+08
4.08851e+08
4.08851e+08
0.0740356
0.0741577
4.08851e+08
4.08851e+08
0.102539
0.104492
4.08851e+08
4.08851e+08
0.022542
0.0225439
4.08851e+08
4.08851e+08
0.0735474
0.0736694
4.08851e+08
4.08851e+08
4.0885e+08
4.0885e+08
4.0885e+08
4.0885e+08
0.0812988
0.0817871
0.0327148
0.0324707
0.0325928
0.0326538
0.0326843
0.0326996
0.032692
0.0326958
0.0326939
0.0326929
0.0326934
0.0326931
0.032693
0.032693
0.0326929
0.0326929
0.0326929
0.0326929
0.0326929
0.0326929
0.0326929
1.40415e+08
1.40415e+08
1.40415e+08
1.40415e+08
1.40415e+08
1.40415e+08
0.0736389
0.0737
1.40415e+08
1.40415e+08
1.40415e+08
1.40415e+08
0.0326931
0.0326931
0.0326931
0.0326931
0.0326931
0.0326931
0.0326931
0.0326931
1.40416e+08
1.40416e+08
1.40416e+08
1.40416e+08
1.40416e+08
1.40416e+08
1.40416e+08
1.40416e+08
1.40416e+08
0.104004
0.10498
1.40416e+08
1.40416e+08
1.40416e+08
1.40416e+08
1.40416e+08
0.0225434
0.0225444
0.0225415
0.0225425
0.0951967
0.0951986
0.10376
0.104248
0.104736
0.105225
4.08851e+08
4.08851e+08
0.113281
0.121094
1.40415e+08
1.40415e+08
1.40415e+08
0.0952017
0.0952022
0.0326931
0.102051
0.103027
4.08851e+08
4.08851e+08
0.106445
0.108398
0.095193
0.095193
0.0952021
0.0952023
0.101807
0.102295
0.100098
0.101074
0.119141
0.123047
0.0952016
0.0952018
0.0326931
0.0326931
0.0326931
1.40416e+08
1.40416e+08
1.40416e+08
1.40416e+08
1.40416e+08
1.40416e+08
1.40416e+08
1.40416e+08
1.40416e+08
1.40415e+08
1.40415e+08
1.40415e+08
0.105957
0.106934
0.0952023
0.0952024
0.095193
0.095193
0.101685
0.101929
4.08851e+08
4.08851e+08
0.0952016
0.0952017
0.0951962
0.0951972
0.102173
0.102417
1.40416e+08
1.40416e+08
1.40416e+08
1.40416e+08
1.40416e+08
1.40416e+08
0.102783
0.103271
4.08851e+08
4.08851e+08
0.0951929
0.0951929
0.095193
0.095193
4.08851e+08
4.08851e+08
0.095193
0.095193
0.106689
0.107178
4.08851e+08
4.08851e+08
0.102661
0.102905
4.0885e+08
4.0885e+08
4.0885e+08
4.0885e+08
0.095197
0.0951974
0.0951931
0.0951931
0.101624
0.101746
4.0885e+08
4.0885e+08
0.095193
0.095193
0.1026
0.102722
0.0951929
0.0951929
4.08851e+08
4.08851e+08
4.08851e+08
4.08851e+08
4.08851e+08
4.08851e+08
4.08851e+08
4.08851e+08
4.08851e+08
4.08851e+08
0.095196
0.0951965
0.10257
0.102631
4.08851e+08
4.08851e+08
4.0885e+08
4.0885e+08
4.08851e+08
4.08851e+08
4.0885e+08
4.0885e+08
4.0885e+08
4.0885e+08
0.102844
0.102966
1.40416e+08
1.40416e+08
1.40416e+08
4.08851e+08
4.08851e+08
0.0998535
0.100342
0.0326929
0.0326929
0.0326929
1.40415e+08
1.40415e+08
1.40415e+08
1.40415e+08
1.40415e+08
1.40415e+08
0.0952024
0.0952024
0.102554
0.102585
0.111328
0.115234
4.08851e+08
4.08851e+08
4.08851e+08
4.08851e+08
4.08851e+08
4.08851e+08
4.08851e+08
4.08851e+08
0.10022
0.100464
0.0997314
0.0999756
4.08851e+08
4.08851e+08
0.10083
0.101318
4.08851e+08
4.08851e+08
4.08851e+08
4.08851e+08
0.110352
0.112305
0.102577
0.102592
0.102547
0.102562
0.0999146
0.100037
4.08851e+08
4.08851e+08
0.102356
0.102478
4.08851e+08
4.08851e+08
0.100403
0.100525
4.08851e+08
4.08851e+08
4.08851e+08
4.08851e+08
4.08851e+08
4.08851e+08
4.08851e+08
4.08851e+08
4.08851e+08
4.08851e+08
4.08851e+08
4.08851e+08
0.100159
0.100281
4.08851e+08
4.08851e+08
4.08851e+08
4.08851e+08
0.0951982
0.0951991
0.0326931
0.0326931
1.40416e+08
1.40416e+08
1.40416e+08
1.40416e+08
1.40416e+08
1.40416e+08
1.40416e+08
1.40416e+08
1.40416e+08
4.08851e+08
4.08851e+08
1.40416e+08
1.40416e+08
1.40416e+08
1.40416e+08
1.40416e+08
1.40416e+08
1.40416e+08
1.40416e+08
1.40416e+08
4.0885e+08
4.0885e+08
4.08851e+08
4.08851e+08
0.0953369
0.0955811
0.032693
0.032693
0.032693
0.032693
0.032693
0.032693
1.40416e+08
1.40416e+08
1.40416e+08
1.40416e+08
1.40416e+08
1.40416e+08
4.08851e+08
4.08851e+08
4.08851e+08
4.08851e+08
4.08851e+08
4.08851e+08
0.032693
0.032693
0.032693
1.40415e+08
1.40415e+08
1.40415e+08
1.40415e+08
1.40415e+08
1.40415e+08
1.40416e+08
1.40416e+08
1.40416e+08
4.08851e+08
4.08851e+08
4.08851e+08
4.08851e+08
0.0951929
0.0951929
0.095193
0.095193
4.08851e+08
4.08851e+08
4.08851e+08
4.08851e+08
4.08851e+08
4.08851e+08
1.40416e+08
1.40416e+08
1.40416e+08
1.40415e+08
1.40415e+08
1.40415e+08
1.40415e+08
1.40415e+08
1.40415e+08
1.40415e+08
1.40415e+08
4.0885e+08
4.0885e+08
4.08851e+08
4.08851e+08
0.0952049
0.0952052
4.08851e+08
4.08851e+08
0.032693
0.032693
1.40416e+08
1.40416e+08
1.40416e+08
1.40416e+08
1.40416e+08
1.40416e+08
4.08851e+08
4.08851e+08
1.40416e+08
1.40416e+08
1.40416e+08
1.40416e+08
4.08851e+08
4.08851e+08
0.095193
0.095193
0.095193
0.095193
4.08851e+08
4.08851e+08
0.102112
0.102234
4.0885e+08
4.0885e+08
0.0952045
0.0952047
1.40416e+08
1.40416e+08
1.40416e+08
1.40416e+08
1.40416e+08
0.095193
0.0951931
0.095193
0.095193
4.08851e+08
4.08851e+08
1.40416e+08
1.40416e+08
1.40416e+08
1.40416e+08
0.095193
0.095193
1.40416e+08
1.40416e+08
1.40416e+08
1.40416e+08
4.08851e+08
4.08851e+08
0.0951929
0.0951929
0.0951931
0.0951931
4.08851e+08
4.08851e+08
0.101868
0.10199
4.08851e+08
4.08851e+08
0.0952024
0.0952024
0.0952044
0.0952045
4.0885e+08
4.0885e+08
1.40416e+08
1.40416e+08
1.40416e+08
0.0951931
0.0951931
0.0952016
0.0952017
4.0885e+08
4.0885e+08
4.08851e+08
4.08851e+08
4.08851e+08
4.08851e+08
0.0951929
0.0951929
4.08851e+08
4.08851e+08
4.08851e+08
4.08851e+08
4.08851e+08
4.08851e+08
0.0952044
0.0952044
4.08851e+08
4.08851e+08
0.0952044
0.0952045
4.08851e+08
4.08851e+08
0.0951929
0.0951929
0.0951931
0.0951931
4.0885e+08
4.0885e+08
4.08851e+08
4.08851e+08
0.0951931
0.0951931
0.0952045
0.0952046
4.08851e+08
4.08851e+08
0.0951931
0.0951931
0.0952016
0.0952017
4.08851e+08
4.08851e+08
4.0885e+08
4.0885e+08
0.0952045
0.0952045
0.0951931
0.0951931
0.0952044
0.0952044
4.08851e+08
4.08851e+08
4.08851e+08
4.08851e+08
4.08851e+08
4.08851e+08
0.0952045
0.0952046
0.0952044
0.0952044
0.0952045
0.0952045
4.08851e+08
4.08851e+08
0.0952044
0.0952044
4.0885e+08
4.0885e+08
4.08851e+08
4.08851e+08
0.0951931
0.0951931
0.0951931
0.0951931
0.0326931
0.0326931
1.40416e+08
1.40416e+08
1.40416e+08
1.40416e+08
1.40416e+08
1.40416e+08
0.0952044
0.0952044
0.0952044
0.0952044
4.08851e+08
4.08851e+08
0.0326929
0.0326929
1.40415e+08
1.40415e+08
1.40415e+08
1.40415e+08
1.40415e+08
1.40415e+08
4.08851e+08
4.08851e+08
4.08851e+08
4.08851e+08
4.08851e+08
4.08851e+08
4.08851e+08
4.08851e+08
4.08851e+08
4.08851e+08
4.0885e+08
4.0885e+08
4.08851e+08
4.08851e+08
0.0952044
0.0952044
0.0951929
0.0951929
1.40415e+08
1.40415e+08
1.40415e+08
1.40415e+08
0.0952046
0.0952046
4.08851e+08
4.08851e+08
4.08851e+08
4.08851e+08
4.08851e+08
4.08851e+08
4.08851e+08
4.08851e+08
1.40415e+08
1.40415e+08
1.40415e+08
4.08851e+08
4.08851e+08
0.0952046
0.0952046
4.08851e+08
4.08851e+08
4.08851e+08
4.08851e+08
4.08851e+08
4.08851e+08
4.08851e+08
4.08851e+08
0.0952046
0.0952046
0.0951929
0.0951929
0.0951929
0.0951929
0.032693
1.40415e+08
1.40415e+08
1.40415e+08
1.40415e+08
1.40415e+08
1.40415e+08
1.40416e+08
1.40416e+08
1.40416e+08
1.40416e+08
4.08851e+08
4.08851e+08
0.0326931
1.40416e+08
1.40416e+08
1.40416e+08
1.40416e+08
1.40416e+08
1.40416e+08
0.0326929
0.0326929
0.0326929
0.0326929
0.0326929
1.40415e+08
1.40415e+08
1.40415e+08
1.40415e+08
1.40415e+08
1.40415e+08
0.0952046
0.0952046
0.0951929
0.0951929
1.40416e+08
1.40416e+08
1.40416e+08
1.40415e+08
1.40415e+08
1.40415e+08
1.40415e+08
0.0326931
1.40416e+08
1.40416e+08
1.40416e+08
1.40416e+08
1.40416e+08
1.40416e+08
1.40415e+08
1.40415e+08
1.40415e+08
0.0952044
0.0952044
0.0951929
0.0951929
0.0952044
0.0952044
0.0326929
0.0952017
0.0952017
4.08851e+08
4.08851e+08
0.0952044
0.0952044
0.0951929
0.0951929
1.40415e+08
1.40415e+08
1.40415e+08
1.40415e+08
1.40415e+08
1.40415e+08
0.0952044
0.0952044
0.0952017
0.0952017
0.0952044
0.0952044
1.40416e+08
1.40416e+08
1.40416e+08
4.08851e+08
4.08851e+08
4.08851e+08
4.08851e+08
0.0952046
0.0952046
4.08851e+08
4.08851e+08
0.0952044
0.0952044
1.40415e+08
1.40415e+08
1.40415e+08
1.40416e+08
1.40416e+08
1.40416e+08
4.08851e+08
4.08851e+08
4.08851e+08
4.08851e+08
4.08851e+08
4.08851e+08
0.0952044
0.0952044
0.0952046
0.0952046
1.40416e+08
1.40416e+08
1.40416e+08
1.40416e+08
0.0952046
0.0952046
4.08851e+08
4.08851e+08
0.0952046
0.0952046
0.0952044
0.0952044
0.0952015
0.0952016
4.08851e+08
4.08851e+08
0.0952046
0.0952046
0.0952044
0.0952045
0.0952046
0.0952046
4.08851e+08
4.08851e+08
4.08851e+08
4.08851e+08
0.0952046
0.0952046
4.08851e+08
4.08851e+08
0.0952024
0.0952024
4.08851e+08
4.08851e+08
0.0952044
0.0952044
4.08851e+08
4.08851e+08
4.08901e+08
4.08901e+08
4.08851e+08
4.08851e+08
4.08851e+08
4.08851e+08
1.40415e+08
1.40415e+08
1.40415e+08
1.40415e+08
1.40415e+08
1.40415e+08
1.40415e+08
1.40415e+08
1.40415e+08
1.40415e+08
0.0952046
0.0952046
0.0952044
0.0952044
1.40415e+08
1.40415e+08
1.40415e+08
1.40415e+08
1.40415e+08
4.08851e+08
4.08851e+08
4.08851e+08
4.08851e+08
0.0952044
0.0952044
4.08851e+08
4.08851e+08
0.0952044
0.0952044
4.08901e+08
4.08901e+08
0.0952024
0.0952024
0.0952024
0.0952024
0.0952046
0.0952046
0.0952044
0.0952044
0.0952046
0.0952046
4.08901e+08
4.08901e+08
0.0951931
0.0951931
0.032693
0.0326929
0.0326929
0.0326929
0.0326929
0.0326929
1.40415e+08
1.40415e+08
1.40415e+08
1.40415e+08
1.40415e+08
1.40415e+08
4.08851e+08
4.08851e+08
0.0326929
0.0326929
0.0326929
1.40415e+08
1.40415e+08
1.40415e+08
1.40415e+08
1.40415e+08
1.40415e+08
0.0952024
0.0952024
1.40415e+08
1.40415e+08
1.40415e+08
1.40416e+08
1.40416e+08
1.40416e+08
4.08851e+08
4.08851e+08
4.08851e+08
4.08851e+08
4.08901e+08
4.08901e+08
0.00134277
0.00140381
0.00143433
0.00144958
0.00144196
0.00144577
0.00144386
0.00144291
0.00144339
0.00144315
0.00144303
0.00144297
0.00144294
0.00144292
0.00144292
0.00144292
0.00144292
0.00144292
0.00144292
6.19729e+06
6.19729e+06
6.19729e+06
6.19729e+06
6.19729e+06
6.19729e+06
6.19729e+06
0.0952024
0.0952024
4.08851e+08
4.08851e+08
0.0952024
0.0952024
0.0952046
0.0952046
0.0952046
0.0952046
1.40416e+08
0.00144309
0.00144306
0.00144307
0.00144308
0.00144308
0.00144308
0.00144308
0.00144308
6.19797e+06
6.19797e+06
6.19797e+06
6.19797e+06
6.19797e+06
6.19797e+06
6.19797e+06
6.19729e+06
6.19729e+06
0.0952046
0.0952046
6.19797e+06
6.19797e+06
6.19797e+06
6.19797e+06
6.19729e+06
6.19729e+06
0.00976562
0.0136719
0.0952024
0.0952024
0.0952046
0.0952046
0.00158691
0.00183105
0.00144308
0.00144308
0.00144308
6.19798e+06
6.19798e+06
6.19798e+06
6.19798e+06
6.19798e+06
6.19798e+06
6.19798e+06
6.19798e+06
6.19798e+06
6.19798e+06
6.19798e+06
6.19798e+06
6.19798e+06
6.19798e+06
0.0952024
0.0952024
0.00144292
0.00144292
0.00144292
6.19731e+06
6.19731e+06
6.19731e+06
6.19731e+06
6.19731e+06
6.19731e+06
6.19731e+06
0.0952024
0.0952024
1.40415e+08
4.089e+08
4.089e+08
0.00144308
0.00144308
6.19797e+06
6.19797e+06
6.19797e+06
6.19797e+06
6.19797e+06
6.19797e+06
6.19797e+06
0.00144312
6.19797e+06
6.19797e+06
6.19797e+06
0.00144293
0.00144294
0.00144294
0.00144294
0.00144294
6.19736e+06
6.19736e+06
6.19736e+06
6.19736e+06
6.19736e+06
6.19736e+06
6.19736e+06
0.0326931
0.0326931
0.0952024
0.0952024
1.40416e+08
1.40416e+08
0.00144292
6.19798e+06
6.19798e+06
6.19798e+06
0.00144295
0.00144295
0.00144294
0.00144294
0.00144294
0.00144294
6.19739e+06
6.19739e+06
6.19739e+06
6.19739e+06
6.19739e+06
6.19739e+06
6.19739e+06
1.40415e+08
0.0326929
6.19798e+06
6.19798e+06
6.19798e+06
6.19798e+06
6.19798e+06
6.19798e+06
6.19798e+06
0.095193
0.095193
1.40416e+08
1.40416e+08
1.40415e+08
1.40415e+08
4.08851e+08
4.08851e+08
1.40415e+08
1.40415e+08
1.40416e+08
1.40416e+08
0.00144293
0.00144296
4.089e+08
4.089e+08
1.40416e+08
0.095193
0.095193
1.40416e+08
1.40416e+08
4.08891e+08
4.08891e+08
4.08851e+08
4.08851e+08
1.40415e+08
1.40415e+08
1.40416e+08
1.40416e+08
1.40415e+08
1.40415e+08
0.0952046
0.0952046
6.19739e+06
6.19739e+06
6.19739e+06
6.19739e+06
1.40416e+08
0.095193
0.095193
6.19798e+06
6.19798e+06
6.19798e+06
4.08901e+08
4.08901e+08
0.0952045
0.0952046
4.08891e+08
4.08891e+08
6.19797e+06
6.19797e+06
6.19797e+06
6.19797e+06
6.19797e+06
6.19797e+06
1.40415e+08
1.40415e+08
1.40415e+08
1.40415e+08
4.08891e+08
4.08891e+08
1.40416e+08
1.40416e+08
1.40416e+08
1.40416e+08
1.40416e+08
0.0952045
0.0952045
4.08891e+08
4.08891e+08
6.19797e+06
6.19797e+06
6.19797e+06
6.19797e+06
1.40415e+08
1.40415e+08
0.0952046
0.0952046
4.08891e+08
4.08891e+08
1.40416e+08
1.40416e+08
1.40415e+08
1.40415e+08
4.08891e+08
4.08891e+08
1.40415e+08
1.40415e+08
1.40416e+08
1.40415e+08
1.40415e+08
1.40415e+08
1.40415e+08
1.40415e+08
1.40415e+08
1.40415e+08
6.19798e+06
6.19798e+06
6.19798e+06
6.19798e+06
6.19798e+06
0.0952045
0.0952046
4.08891e+08
4.08891e+08
0.0952045
0.0952045
6.19797e+06
6.19797e+06
6.19797e+06
6.19797e+06
6.19797e+06
6.19797e+06
6.19797e+06
6.19797e+06
1.40415e+08
1.40415e+08
1.40415e+08
1.40415e+08
4.08891e+08
4.08891e+08
0.00144292
6.1973e+06
6.1973e+06
6.1973e+06
6.1973e+06
6.1973e+06
6.1973e+06
6.1973e+06
4.08891e+08
4.08891e+08
1.40415e+08
1.40415e+08
4.08891e+08
4.08891e+08
0.0952045
0.0952045
4.08891e+08
4.08891e+08
1.40415e+08
1.40415e+08
4.08851e+08
4.08851e+08
1.40416e+08
1.40416e+08
4.0885e+08
4.0885e+08
0.00144294
0.00144295
0.00144295
6.1974e+06
6.1974e+06
6.1974e+06
6.1974e+06
6.1974e+06
6.1974e+06
6.1974e+06
4.08851e+08
4.08851e+08
6.1974e+06
6.1974e+06
6.1974e+06
1.40415e+08
1.40415e+08
6.19798e+06
6.19798e+06
6.19798e+06
4.08851e+08
4.08851e+08
1.40416e+08
1.40416e+08
1.40416e+08
1.40416e+08
1.40416e+08
4.08851e+08
4.08851e+08
4.08891e+08
4.08891e+08
1.40415e+08
6.1974e+06
6.1974e+06
6.1974e+06
6.1974e+06
6.1974e+06
4.08901e+08
4.08901e+08
0.0952045
0.0952045
6.1973e+06
6.1973e+06
6.1973e+06
1.40415e+08
1.40415e+08
1.40415e+08
1.40415e+08
1.40415e+08
4.08851e+08
4.08851e+08
4.08851e+08
4.08851e+08
1.40416e+08
1.40415e+08
4.0885e+08
4.0885e+08
0.0952045
0.0952045
4.08851e+08
4.08851e+08
4.08901e+08
4.08901e+08
4.08891e+08
4.08891e+08
4.08891e+08
4.08891e+08
1.40415e+08
1.40415e+08
1.40415e+08
6.19797e+06
6.19797e+06
6.19797e+06
6.19797e+06
4.08851e+08
4.08851e+08
4.08901e+08
4.08901e+08
4.08901e+08
4.08901e+08
4.089e+08
4.089e+08
0.0952024
0.0952024
1.40415e+08
1.40415e+08
1.40416e+08
1.40416e+08
1.40415e+08
1.40415e+08
1.40415e+08
1.40415e+08
1.40415e+08
1.40415e+08
0.0952046
0.0952046
4.08901e+08
4.08901e+08
0.0952016
0.0952016
1.40415e+08
0.00144304
0.00144304
0.00144303
0.00144303
0.00144303
0.00144303
6.19777e+06
6.19777e+06
6.19777e+06
6.19777e+06
6.19777e+06
6.19777e+06
6.19777e+06
1.40416e+08
1.40416e+08
4.08901e+08
4.08901e+08
6.1973e+06
6.1973e+06
6.1973e+06
6.1973e+06
6.1973e+06
6.1973e+06
4.089e+08
4.089e+08
4.089e+08
4.089e+08
0.00144308
6.19796e+06
6.19796e+06
6.19796e+06
6.19796e+06
6.19796e+06
6.19796e+06
6.19796e+06
0.0326929
0.0951929
0.0951929
4.089e+08
4.089e+08
4.08851e+08
4.08851e+08
4.089e+08
4.089e+08
6.19739e+06
6.19739e+06
6.19739e+06
4.089e+08
4.089e+08
0.00144307
0.00144307
6.19796e+06
6.19796e+06
6.19796e+06
6.19796e+06
6.19796e+06
6.19796e+06
6.19796e+06
0.0952046
0.0952046
4.089e+08
4.089e+08
0.0952046
0.0952046
1.40415e+08
1.40415e+08
1.40415e+08
1.40415e+08
1.40415e+08
4.0885e+08
4.0885e+08
4.089e+08
4.089e+08
4.089e+08
4.089e+08
6.19796e+06
6.19796e+06
6.19796e+06
0.0952046
0.0952046
6.19739e+06
6.19739e+06
6.19739e+06
6.19739e+06
6.19739e+06
6.19739e+06
6.19739e+06
0.032693
1.40415e+08
1.40415e+08
1.40415e+08
1.40415e+08
0.0327072
0.0327034
0.0327053
0.0327044
0.0327048
0.0327046
0.0327045
0.0327045
0.0327046
0.0327045
0.0327045
0.0327045
0.0327045
0.0327045
0.0327045
1.40465e+08
1.40465e+08
1.40465e+08
1.40465e+08
1.40465e+08
1.40465e+08
4.089e+08
4.089e+08
1.40415e+08
1.40415e+08
1.40415e+08
0.0952046
0.0952046
0.032693
1.40465e+08
1.40465e+08
1.40465e+08
1.40465e+08
1.40465e+08
1.40465e+08
4.089e+08
4.089e+08
4.08851e+08
4.08851e+08
0.0951931
0.0951931
1.40415e+08
4.08851e+08
4.08851e+08
0.032693
0.032693
0.0327046
0.0327046
0.0327046
0.0327046
0.0327046
0.0327046
1.40465e+08
1.40465e+08
1.40465e+08
1.40465e+08
1.40465e+08
1.40465e+08
6.1973e+06
6.1973e+06
6.1973e+06
6.1973e+06
6.1973e+06
0.114258
0.116211
1.40465e+08
1.40465e+08
1.40465e+08
1.40465e+08
1.40465e+08
1.40465e+08
1.40465e+08
1.40465e+08
0.00145721
0.0014534
0.00145531
0.00145435
0.00145483
0.00145459
0.00145447
0.00145453
0.00145456
0.00145455
0.00145454
0.00145454
0.00145453
0.00145453
0.00145454
6.24718e+06
6.24718e+06
6.24718e+06
6.24718e+06
6.24718e+06
6.24718e+06
6.24718e+06
6.19777e+06
6.19777e+06
6.19777e+06
6.19777e+06
6.19777e+06
6.19777e+06
6.19777e+06
6.19777e+06
6.19777e+06
0.0951931
0.0951931
1.40465e+08
1.40415e+08
4.08851e+08
4.08851e+08
0.00146103
6.24718e+06
6.24718e+06
6.24718e+06
6.24718e+06
6.24718e+06
6.24718e+06
6.24718e+06
0.0327046
0.032693
0.032693
4.089e+08
4.089e+08
0.0952044
0.0952044
1.40415e+08
1.40415e+08
1.40415e+08
4.08851e+08
4.08851e+08
0.0327046
0.0327046
1.40415e+08
1.40415e+08
1.40415e+08
1.40415e+08
1.40415e+08
1.40415e+08
0.032693
0.032693
0.115723
0.116699
1.40465e+08
1.40465e+08
1.40465e+08
1.40465e+08
1.40465e+08
0.0952024
0.0952024
4.08851e+08
4.08851e+08
1.40415e+08
4.08851e+08
4.08851e+08
0.0327046
0.0327046
6.19777e+06
6.19777e+06
6.19777e+06
6.19777e+06
6.19777e+06
0.0952044
0.0952044
0.0952044
0.0952044
4.089e+08
4.089e+08
0.0952024
0.0952024
4.08891e+08
4.08891e+08
0.00144303
0.00144303
0.00144303
6.19779e+06
6.19779e+06
6.19779e+06
6.19779e+06
6.19779e+06
6.19779e+06
6.19779e+06
0.0952044
0.0952044
6.19729e+06
6.19729e+06
6.19729e+06
6.19729e+06
6.19729e+06
0.0952044
0.0952044
4.08891e+08
4.08891e+08
0.0327046
0.0327046
0.0327046
0.0327046
1.40415e+08
1.40415e+08
0.0952044
0.0952044
6.19777e+06
6.19777e+06
6.19777e+06
6.19736e+06
6.19736e+06
6.19736e+06
6.19736e+06
6.19736e+06
0.0327046
0.0327046
1.40416e+08
1.40416e+08
1.40416e+08
1.40416e+08
1.40416e+08
6.19777e+06
6.19777e+06
6.19777e+06
6.19729e+06
4.08891e+08
4.08891e+08
4.089e+08
4.089e+08
4.089e+08
4.089e+08
1.40416e+08
1.40416e+08
1.40416e+08
4.08851e+08
4.08851e+08
0.0952044
0.0952044
4.089e+08
4.089e+08
6.19736e+06
6.19736e+06
6.19736e+06
4.089e+08
4.089e+08
4.08901e+08
4.08901e+08
4.089e+08
4.089e+08
6.19796e+06
6.19797e+06
6.19797e+06
6.19797e+06
6.19797e+06
6.19797e+06
6.19797e+06
4.08901e+08
4.08901e+08
0.0478516
0.0498047
0.0952044
0.0952044
4.089e+08
4.089e+08
4.08891e+08
4.08891e+08
4.089e+08
4.089e+08
1.40416e+08
1.40416e+08
1.40416e+08
1.40416e+08
4.089e+08
4.089e+08
6.19797e+06
6.19797e+06
6.19797e+06
6.19797e+06
6.19797e+06
6.19797e+06
6.19797e+06
0.0473633
0.0483398
4.08891e+08
4.08891e+08
0.0493164
0.050293
6.19797e+06
6.19797e+06
6.19797e+06
6.19797e+06
6.19797e+06
0.0952044
0.0952044
4.089e+08
4.089e+08
4.089e+08
4.089e+08
0.0952044
0.0952044
0.0952044
0.0952044
4.08901e+08
4.08901e+08
4.08851e+08
4.08851e+08
1.40416e+08
1.40416e+08
1.40416e+08
6.19796e+06
6.19796e+06
6.19796e+06
0.0952044
0.0952044
4.08891e+08
4.08891e+08
0.0327044
0.0327044
0.0327044
0.0327044
0.0327044
0.0327044
0.0327044
0.0327044
1.40464e+08
1.40464e+08
1.40464e+08
1.40464e+08
1.40464e+08
1.40464e+08
0.0327015
0.0327024
0.032702
0.0327022
0.0327023
0.0327024
0.0327024
0.0327024
0.0327024
0.0327024
0.0327024
0.0327024
0.0327024
1.40456e+08
1.40456e+08
1.40456e+08
1.40456e+08
1.40456e+08
1.40456e+08
4.089e+08
4.089e+08
4.089e+08
4.089e+08
4.08891e+08
4.08891e+08
6.19777e+06
6.19777e+06
6.19777e+06
6.19777e+06
6.19777e+06
6.19777e+06
6.19777e+06
0.0952044
0.0952044
0.0326929
0.0326929
4.089e+08
4.089e+08
1.40456e+08
1.40456e+08
1.40456e+08
4.089e+08
4.089e+08
0.0952046
0.0952046
0.00145149
0.00145245
0.00145197
0.00145221
0.00145233
0.00145239
0.00145242
0.00145243
0.00145242
0.00145243
0.00145243
0.00145242
0.00145243
6.23812e+06
6.23812e+06
6.23812e+06
6.23812e+06
6.23812e+06
6.23812e+06
6.23812e+06
1.40456e+08
0.0327044
0.0952046
0.0952046
6.19777e+06
6.19777e+06
6.19777e+06
4.089e+08
4.089e+08
6.19797e+06
6.19797e+06
6.19797e+06
6.19797e+06
4.089e+08
4.089e+08
4.089e+08
4.089e+08
0.0326929
0.0326929
0.0326929
0.0326929
6.23812e+06
6.23812e+06
6.23812e+06
6.23812e+06
1.40465e+08
1.40465e+08
1.40465e+08
6.19797e+06
6.19797e+06
6.19797e+06
6.19796e+06
6.19796e+06
6.19796e+06
6.19796e+06
4.08901e+08
4.08901e+08
6.19796e+06
6.19796e+06
6.19796e+06
4.089e+08
4.089e+08
6.19731e+06
6.19731e+06
6.19731e+06
6.19731e+06
6.19731e+06
4.089e+08
4.089e+08
4.08901e+08
4.08901e+08
4.08901e+08
4.08901e+08
4.08851e+08
4.08851e+08
0.0952046
0.0952046
1.40416e+08
4.08901e+08
4.08901e+08
4.08851e+08
4.08851e+08
0.0327044
0.0327044
0.0327044
0.0327044
0.0327044
0.0327044
0.0327044
1.40464e+08
1.40464e+08
1.40464e+08
1.40464e+08
1.40464e+08
1.40464e+08
6.19731e+06
6.19731e+06
6.19731e+06
4.08901e+08
4.08901e+08
4.089e+08
4.089e+08
4.08901e+08
4.08901e+08
0.0951931
0.0951931
1.40464e+08
4.08891e+08
4.08891e+08
4.089e+08
4.089e+08
6.19736e+06
6.19736e+06
6.19736e+06
6.19736e+06
4.08901e+08
4.08901e+08
0.0952024
0.0952024
1.40464e+08
0.0327044
0.0327044
6.19731e+06
6.19731e+06
6.19731e+06
6.19731e+06
1.40464e+08
1.40464e+08
0.0952024
0.0952024
1.40464e+08
1.40464e+08
6.19736e+06
6.19736e+06
6.19736e+06
4.08891e+08
4.08891e+08
6.19736e+06
6.19736e+06
6.19736e+06
6.19736e+06
4.08851e+08
4.08851e+08
4.08901e+08
4.08901e+08
4.089e+08
4.089e+08
1.40464e+08
1.40464e+08
0.0326931
4.08891e+08
4.08891e+08
4.08901e+08
4.08901e+08
1.40464e+08
1.40464e+08
0.0327024
0.0327024
1.40456e+08
1.40456e+08
1.40456e+08
1.40456e+08
1.40456e+08
1.40456e+08
4.08891e+08
4.08891e+08
4.08851e+08
4.08851e+08
0.0952024
0.0952024
0.0327044
0.0327044
0.0952016
0.0952016
1.40464e+08
1.40464e+08
4.08851e+08
4.08851e+08
4.08891e+08
4.08891e+08
0.0951931
0.0951931
0.00145243
0.00145243
6.23812e+06
6.23812e+06
6.23812e+06
6.23812e+06
6.23812e+06
6.23812e+06
6.23812e+06
4.08891e+08
4.08891e+08
0.0327024
0.0327046
0.0327046
0.0327046
1.40465e+08
1.40465e+08
1.40465e+08
1.40465e+08
1.40465e+08
1.40465e+08
1.40465e+08
1.40465e+08
1.40465e+08
1.40464e+08
1.40464e+08
4.08891e+08
4.08891e+08
1.40464e+08
1.40464e+08
0.00145458
0.00145457
0.00145457
0.00145457
0.00145457
0.00145457
6.24734e+06
6.24734e+06
6.24734e+06
6.24734e+06
6.24734e+06
6.24734e+06
6.24734e+06
4.08851e+08
4.08851e+08
0.0327046
6.19736e+06
6.19736e+06
6.19736e+06
1.40456e+08
1.40456e+08
1.40464e+08
1.40464e+08
4.08851e+08
4.08851e+08
6.19777e+06
6.19777e+06
6.19777e+06
6.19777e+06
0.0952016
0.0952016
4.08901e+08
4.08901e+08
4.08851e+08
4.08851e+08
4.0885e+08
4.0885e+08
1.40464e+08
1.40464e+08
1.40456e+08
1.40456e+08
1.40456e+08
1.40456e+08
1.40456e+08
1.40456e+08
1.40456e+08
1.40456e+08
1.40456e+08
4.08851e+08
4.08851e+08
6.19777e+06
6.19777e+06
6.19777e+06
1.40464e+08
1.40464e+08
0.0952044
0.0952044
0.0326931
0.0326931
0.0326931
0.0326931
0.0326931
1.40416e+08
1.40416e+08
1.40416e+08
1.40416e+08
1.40416e+08
1.40416e+08
1.40456e+08
1.40456e+08
0.0327046
0.0327046
0.0327046
1.40465e+08
1.40465e+08
1.40465e+08
1.40465e+08
1.40465e+08
1.40465e+08
4.08891e+08
4.08891e+08
0.0952016
0.0952016
1.40464e+08
1.40464e+08
1.40416e+08
1.40416e+08
1.40416e+08
1.40464e+08
1.40464e+08
4.08851e+08
4.08851e+08
6.19797e+06
6.19797e+06
6.19797e+06
6.19797e+06
6.19797e+06
0.0952016
0.0952016
6.19739e+06
6.19739e+06
6.19739e+06
1.40465e+08
0.0326929
1.40465e+08
1.40465e+08
0.0327046
6.19731e+06
6.19731e+06
6.19731e+06
0.0952015
0.0952015
4.08901e+08
4.08901e+08
1.40465e+08
1.40465e+08
0.0952016
0.0952016
1.40465e+08
1.40465e+08
4.08901e+08
4.08901e+08
0.0326929
0.0326929
1.40464e+08
1.40464e+08
1.40464e+08
1.40464e+08
4.08851e+08
4.08851e+08
0.0952015
0.0952015
0.0327044
1.40465e+08
1.40465e+08
1.40465e+08
1.40465e+08
1.40465e+08
4.08901e+08
4.08901e+08
0.0952016
0.0952016
1.40415e+08
1.40465e+08
1.40465e+08
1.40465e+08
1.40465e+08
0.0952015
0.0952015
4.08851e+08
4.08851e+08
1.40464e+08
1.40464e+08
1.40415e+08
1.40465e+08
1.40465e+08
0.0327047
1.40415e+08
1.40415e+08
1.40456e+08
0.0952016
0.0952016
4.08901e+08
4.08901e+08
0.00145457
0.00145458
0.00145458
6.24736e+06
6.24736e+06
6.24736e+06
6.24736e+06
6.24736e+06
6.24736e+06
6.24736e+06
0.105103
0.105347
4.08901e+08
4.08901e+08
0.0951931
0.0951931
1.40416e+08
1.40416e+08
1.40416e+08
1.40416e+08
1.40416e+08
1.40456e+08
1.40456e+08
0.0952016
0.0952016
4.08901e+08
4.08901e+08
1.40416e+08
1.40416e+08
1.40416e+08
1.40465e+08
1.40465e+08
0.0952016
0.0952016
0.102203
0.102264
6.23812e+06
6.23812e+06
6.23812e+06
6.23812e+06
6.23812e+06
6.23812e+06
6.23812e+06
0.105286
0.105408
0.0952016
0.0952016
0.0951931
0.0951931
0.00144308
6.19797e+06
6.19797e+06
6.19797e+06
6.19797e+06
6.19797e+06
6.19797e+06
6.19797e+06
4.08851e+08
4.08851e+08
1.40465e+08
1.40465e+08
1.40465e+08
1.40465e+08
1.40465e+08
1.40465e+08
0.0952015
0.0952015
4.08851e+08
4.08851e+08
1.40416e+08
1.40465e+08
1.40465e+08
1.40465e+08
6.24736e+06
6.24736e+06
6.24736e+06
6.24736e+06
6.24736e+06
0.105377
0.105438
1.40415e+08
1.40415e+08
1.40415e+08
0.105255
0.105316
4.08851e+08
4.08851e+08
0.0952016
0.0952016
4.08851e+08
4.08851e+08
0.0327046
4.08851e+08
4.08851e+08
4.08888e+08
4.08888e+08
4.089e+08
4.089e+08
6.19736e+06
6.19736e+06
6.19736e+06
6.19736e+06
6.19736e+06
6.19736e+06
6.19736e+06
4.08851e+08
4.08851e+08
0.105362
0.105392
0.105301
0.105331
1.40416e+08
1.40416e+08
4.08851e+08
4.08851e+08
1.40416e+08
6.19797e+06
6.19797e+06
6.19797e+06
0.105354
0.10537
0.105324
0.105339
0.105293
0.105309
4.08901e+08
4.08901e+08
4.089e+08
4.089e+08
4.089e+08
4.089e+08
4.08888e+08
4.08888e+08
4.08851e+08
4.08851e+08
4.08901e+08
4.08901e+08
0.095193
0.095193
4.08888e+08
4.08888e+08
0.105335
0.105343
0.105289
0.105297
0.10532
0.105328
4.08901e+08
4.08901e+08
1.40416e+08
1.40416e+08
1.40416e+08
1.40416e+08
1.40416e+08
6.1974e+06
6.1974e+06
6.1974e+06
6.1974e+06
0.105326
0.10533
0.105288
0.105291
0.105341
0.105345
4.08888e+08
4.08888e+08
0.105333
0.105337
4.08901e+08
4.08901e+08
4.08888e+08
4.08888e+08
4.08901e+08
4.08901e+08
1.40464e+08
1.40464e+08
4.08901e+08
4.08901e+08
4.08851e+08
4.08851e+08
4.08901e+08
4.08901e+08
0.105318
0.105322
0.105332
0.105334
0.10529
0.105292
0.105344
0.105346
0.10534
0.105342
0.105287
0.105289
0.10529
0.105291
4.0885e+08
4.0885e+08
0.0952016
0.0952017
0.10534
0.10534
0.095193
0.095193
0.105343
0.105344
0.105292
0.105293
0.105321
0.105323
0.105317
0.105319
0.0326931
1.40416e+08
1.40416e+08
1.40416e+08
1.40416e+08
1.40416e+08
1.40416e+08
0.105292
0.105292
0.105291
0.105291
0.105293
0.105293
0.105317
0.105318
0.0952016
0.0952017
0.10532
0.105321
0.105343
0.105344
4.0885e+08
4.0885e+08
0.105288
0.105289
0.10534
0.105341
0.105291
0.105292
0.105343
0.105343
0.105291
0.105291
1.40415e+08
1.40415e+08
1.40415e+08
0.105343
0.105344
0.10532
0.105321
0.105292
0.105293
0.105316
0.105317
0.105293
0.105293
1.40416e+08
0.105343
0.105343
4.08851e+08
4.08851e+08
0.0951931
0.0951931
0.105293
0.105293
4.08901e+08
4.08901e+08
0.105291
0.105291
0.105343
0.105344
0.10534
0.10534
0.105288
0.105288
0.105321
0.105322
0.0951931
0.0951931
1.40416e+08
0.0327046
1.40465e+08
1.40465e+08
1.40465e+08
1.40465e+08
1.40465e+08
1.40465e+08
0.10534
0.10534
4.08851e+08
4.08851e+08
0.105291
0.105291
4.08851e+08
4.08851e+08
0.105293
0.105293
0.105293
0.105293
0.105317
0.105317
4.08851e+08
4.08851e+08
4.08851e+08
4.08851e+08
1.40465e+08
1.40465e+08
1.40465e+08
0.105291
0.105291
4.08851e+08
4.08851e+08
0.00145458
0.00145458
0.00145458
0.00145458
0.00145458
6.24737e+06
6.24737e+06
6.24737e+06
6.24737e+06
6.24737e+06
6.24737e+06
6.24737e+06
4.08901e+08
4.08901e+08
1.40465e+08
0.105322
0.105322
0.105288
0.105288
4.08851e+08
4.08851e+08
0.105288
0.105288
6.24737e+06
6.24737e+06
6.24737e+06
6.24737e+06
4.08901e+08
4.08901e+08
0.104614
0.104858
4.08901e+08
4.08901e+08
0.105288
0.105288
1.40416e+08
1.40416e+08
1.40416e+08
0.105291
0.105291
4.08851e+08
4.08851e+08
0.105288
0.105288
4.08891e+08
4.08891e+08
4.08891e+08
4.08891e+08
1.40465e+08
1.40465e+08
1.40465e+08
1.40465e+08
1.40465e+08
0.104797
0.104919
1.40465e+08
1.40465e+08
1.40465e+08
1.40465e+08
0.105291
0.105291
4.08851e+08
4.08851e+08
1.40416e+08
1.40416e+08
1.40416e+08
0.105291
0.105291
0.105291
0.105291
0.104553
0.104675
0.0951929
0.0951929
6.24736e+06
6.24736e+06
6.24736e+06
6.24736e+06
6.24736e+06
6.24736e+06
4.08891e+08
4.08891e+08
1.40465e+08
4.08891e+08
4.08891e+08
6.24736e+06
6.24736e+06
6.24736e+06
6.24736e+06
6.24736e+06
6.24736e+06
6.24736e+06
6.24736e+06
1.40465e+08
0.104126
0.10437
4.08891e+08
4.08891e+08
1.40416e+08
1.40465e+08
1.40465e+08
0.104645
0.104706
0.105291
0.105291
0.104523
0.104584
1.40416e+08
1.40416e+08
1.40416e+08
1.40416e+08
1.40416e+08
1.40416e+08
6.24736e+06
6.24736e+06
6.24736e+06
4.08901e+08
4.08901e+08
1.40416e+08
0.105291
0.105291
0.104568
0.104599
1.40416e+08
1.40416e+08
0.104691
0.104721
0.0952047
0.0952048
6.24736e+06
6.24736e+06
6.24736e+06
6.24736e+06
6.24736e+06
6.24736e+06
6.24736e+06
0.104065
0.104187
4.08891e+08
4.08891e+08
0.00144307
6.19795e+06
6.19795e+06
6.19795e+06
6.19795e+06
6.19795e+06
6.19795e+06
6.19795e+06
0.105291
0.105291
0.104034
0.104095
0.0327045
4.08901e+08
4.08901e+08
0.105291
0.105291
1.40416e+08
1.40416e+08
0.104507
0.104538
0.10463
0.10466
0.105291
0.105291
0.0951929
0.0951929
4.08891e+08
4.08891e+08
6.19798e+06
6.19798e+06
6.19798e+06
6.19798e+06
6.19798e+06
0.095193
0.095193
0.0327045
0.0327045
0.105288
0.105288
0.104019
0.10405
0.105291
0.105291
0.104622
0.104637
0.105291
0.105291
1.40416e+08
6.19795e+06
6.19795e+06
6.19795e+06
0.105291
0.105291
0.00144303
6.19778e+06
6.19778e+06
6.19778e+06
6.19778e+06
6.19778e+06
6.19778e+06
6.19778e+06
1.40465e+08
1.40465e+08
4.089e+08
4.089e+08
0.095193
0.095193
0.105288
0.105288
6.19798e+06
6.19798e+06
6.19798e+06
4.52222e+08
4.52222e+08
4.52222e+08
4.52222e+08
0.095193
0.095193
4.52222e+08
4.52222e+08
6.19778e+06
6.19778e+06
6.19778e+06
0.105288
0.105288
6.19731e+06
6.19731e+06
6.19731e+06
6.19731e+06
6.19731e+06
6.19731e+06
4.089e+08
4.089e+08
1.40465e+08
1.40465e+08
4.52222e+08
4.52222e+08
4.52222e+08
4.52222e+08
1.40416e+08
0.095193
0.095193
4.52222e+08
4.52222e+08
4.08851e+08
4.08851e+08
0.105288
0.105288
4.52222e+08
4.52222e+08
1.40465e+08
1.40465e+08
4.52222e+08
4.52222e+08
4.52222e+08
4.52222e+08
4.52222e+08
4.52222e+08
4.52222e+08
4.52222e+08
1.40464e+08
1.40464e+08
4.52222e+08
4.52222e+08
0.0326929
1.40465e+08
1.40465e+08
4.0885e+08
4.0885e+08
1.40416e+08
1.40416e+08
1.40416e+08
1.40416e+08
1.40416e+08
1.40416e+08
4.52222e+08
4.52222e+08
6.19778e+06
6.19778e+06
6.19778e+06
6.19778e+06
6.19778e+06
4.52222e+08
4.52222e+08
6.19779e+06
6.19779e+06
6.19779e+06
6.19779e+06
6.19796e+06
6.19796e+06
6.19796e+06
6.19796e+06
6.19796e+06
6.19796e+06
6.19796e+06
4.089e+08
4.089e+08
4.0885e+08
4.0885e+08
0.0951929
0.0951929
1.40465e+08
1.40465e+08
4.52222e+08
4.52222e+08
4.52222e+08
4.52222e+08
4.52222e+08
4.52222e+08
0.105366
0.105373
4.52222e+08
4.52222e+08
1.40465e+08
1.40465e+08
1.40416e+08
1.40416e+08
0.0326929
1.40415e+08
1.40415e+08
1.40415e+08
1.40415e+08
1.40415e+08
1.40415e+08
0.105042
0.105164
4.089e+08
4.089e+08
4.08851e+08
4.08851e+08
4.52222e+08
4.52222e+08
6.19778e+06
6.19778e+06
6.19778e+06
4.08851e+08
4.08851e+08
0.00144292
6.1973e+06
6.1973e+06
6.1973e+06
6.1973e+06
6.1973e+06
6.1973e+06
6.1973e+06
0.0327046
0.0327046
0.0327046
1.40465e+08
1.40465e+08
1.40465e+08
1.40465e+08
1.40465e+08
1.40465e+08
4.089e+08
4.089e+08
1.40415e+08
1.40416e+08
1.40416e+08
1.40416e+08
6.19798e+06
6.19798e+06
6.19798e+06
6.19798e+06
6.19798e+06
6.19798e+06
0.00145453
0.00145453
6.24717e+06
6.24717e+06
6.24717e+06
6.24717e+06
6.24717e+06
6.24717e+06
6.24717e+06
6.24717e+06
6.24717e+06
6.24717e+06
1.40416e+08
1.40416e+08
0.0951929
0.0951929
1.40465e+08
4.089e+08
4.089e+08
1.40416e+08
6.19778e+06
6.19778e+06
6.19778e+06
6.19778e+06
0.0952051
0.0952052
4.089e+08
4.089e+08
1.40465e+08
1.40465e+08
4.0885e+08
4.0885e+08
1.40415e+08
4.08851e+08
4.08851e+08
1.40465e+08
1.40465e+08
1.40465e+08
1.40465e+08
1.40465e+08
0.0952049
0.095205
1.40416e+08
1.40416e+08
4.08851e+08
4.08851e+08
4.08851e+08
4.08851e+08
4.08851e+08
4.08851e+08
1.40415e+08
1.40415e+08
0.104012
0.104027
1.40416e+08
1.40416e+08
6.19779e+06
6.19779e+06
6.19779e+06
0.00145457
0.00145456
0.00145456
0.00145456
6.2473e+06
6.2473e+06
6.2473e+06
6.2473e+06
6.2473e+06
6.2473e+06
6.2473e+06
1.40465e+08
1.40465e+08
6.19796e+06
6.19796e+06
6.19796e+06
6.19796e+06
6.19796e+06
1.40415e+08
1.40415e+08
1.40415e+08
1.40415e+08
1.40415e+08
1.40415e+08
1.40465e+08
1.40465e+08
4.08851e+08
4.08851e+08
4.08851e+08
4.08851e+08
6.19731e+06
6.19731e+06
6.19731e+06
6.19731e+06
6.19731e+06
1.40465e+08
1.40465e+08
6.19731e+06
6.19731e+06
6.19731e+06
6.19731e+06
1.40415e+08
1.40415e+08
1.40416e+08
1.40415e+08
1.40415e+08
0.0326931
1.40416e+08
1.40416e+08
1.40416e+08
1.40416e+08
1.40416e+08
1.40416e+08
1.40465e+08
1.40465e+08
1.40465e+08
0.104023
0.104031
1.40416e+08
0.0952045
0.0952045
0.00144308
6.19798e+06
6.19798e+06
6.19798e+06
6.19798e+06
6.19798e+06
6.19798e+06
6.19798e+06
0.0952044
0.0952044
6.2473e+06
6.2473e+06
6.2473e+06
6.2473e+06
0.00144303
0.00144303
6.19776e+06
6.19776e+06
6.19776e+06
6.19776e+06
6.19776e+06
6.19776e+06
6.19776e+06
1.40415e+08
1.40415e+08
1.40416e+08
1.40416e+08
1.40416e+08
1.40416e+08
1.40416e+08
1.40416e+08
1.40416e+08
6.19776e+06
6.19776e+06
6.19776e+06
6.19776e+06
6.19776e+06
6.19776e+06
1.40415e+08
6.19776e+06
6.19776e+06
6.19776e+06
0.0952045
0.0952045
0.0951929
0.0951929
0.0952044
0.0952044
0.0951929
0.0951929
1.40415e+08
1.40415e+08
1.40416e+08
1.40416e+08
1.40415e+08
1.40415e+08
4.089e+08
4.089e+08
0.10535
0.105358
6.19797e+06
6.19797e+06
6.19797e+06
6.19798e+06
6.19798e+06
6.19798e+06
6.19798e+06
4.08851e+08
4.08851e+08
0.0952045
0.0952045
1.40415e+08
1.40415e+08
6.19739e+06
6.19739e+06
6.19739e+06
6.19739e+06
6.19739e+06
6.19739e+06
1.40415e+08
1.40415e+08
6.19798e+06
6.19798e+06
6.19798e+06
0.0952046
0.0952046
4.08851e+08
4.08851e+08
6.19779e+06
6.19779e+06
6.19779e+06
6.19776e+06
6.19776e+06
6.19776e+06
6.19776e+06
1.40416e+08
6.19776e+06
6.19776e+06
6.19776e+06
4.08851e+08
4.08851e+08
4.089e+08
4.089e+08
0.105356
0.10536
6.19739e+06
6.19739e+06
6.19739e+06
4.089e+08
4.089e+08
4.089e+08
4.089e+08
6.19796e+06
6.19796e+06
6.19796e+06
6.19796e+06
6.19796e+06
1.40415e+08
1.40415e+08
6.19796e+06
6.19796e+06
6.19796e+06
0.105359
0.105361
0.032693
0.105355
0.105357
0.0952044
0.0952044
0.0952044
0.0952044
1.40416e+08
4.089e+08
4.089e+08
4.089e+08
4.089e+08
0.105357
0.105358
0.032693
0.105359
0.10536
6.19796e+06
6.19796e+06
6.19796e+06
6.19739e+06
6.19739e+06
6.19739e+06
6.19739e+06
6.19739e+06
0.032693
0.032693
1.40416e+08
1.40416e+08
1.40416e+08
0.0952759
0.0953979
4.08851e+08
4.08851e+08
4.52222e+08
4.52222e+08
6.19739e+06
6.19739e+06
6.19739e+06
4.08851e+08
4.08851e+08
0.105355
0.105356
4.089e+08
4.089e+08
0.0952044
0.0952044
0.032693
0.032693
6.19739e+06
6.19739e+06
6.19739e+06
6.19739e+06
1.40416e+08
1.40416e+08
4.089e+08
4.089e+08
0.0952016
0.0952016
0.032693
0.032693
4.0885e+08
4.0885e+08
0.032693
0.032693
1.40416e+08
1.40416e+08
1.40416e+08
1.40416e+08
4.089e+08
4.089e+08
0.105355
0.105355
4.08851e+08
4.08851e+08
0.105359
0.10536
0.102081
0.102142
4.089e+08
4.089e+08
4.08851e+08
4.08851e+08
1.40416e+08
1.40416e+08
4.08851e+08
4.08851e+08
1.40416e+08
1.40416e+08
1.40416e+08
1.40416e+08
1.40416e+08
1.40416e+08
0.102249
0.10228
0.102448
0.102509
1.40415e+08
1.40415e+08
1.40415e+08
1.40415e+08
4.08851e+08
4.08851e+08
0.102325
0.102386
1.40416e+08
1.40416e+08
0.032693
0.032693
4.08851e+08
4.08851e+08
4.089e+08
4.089e+08
4.089e+08
4.089e+08
0.105361
0.105361
0.102936
0.102997
4.08851e+08
4.08851e+08
4.089e+08
4.089e+08
4.08901e+08
4.08901e+08
1.40416e+08
1.40416e+08
1.40416e+08
1.40416e+08
1.40416e+08
4.52222e+08
4.52222e+08
0.032693
0.032693
1.40416e+08
1.40416e+08
1.40416e+08
1.40416e+08
1.40415e+08
1.40415e+08
1.40415e+08
1.40415e+08
0.10231
0.102341
6.19797e+06
6.19797e+06
6.19797e+06
1.40416e+08
1.40416e+08
0.102814
0.102875
1.40416e+08
1.40416e+08
4.08851e+08
4.08851e+08
1.40416e+08
4.08901e+08
4.08901e+08
4.08901e+08
4.08901e+08
0.0327044
1.40464e+08
1.40464e+08
1.40464e+08
1.40464e+08
1.40464e+08
1.40464e+08
4.089e+08
4.089e+08
0.105292
0.105292
4.08901e+08
4.08901e+08
0.102188
0.102219
0.00144304
6.19779e+06
6.19779e+06
6.19779e+06
6.19779e+06
6.19779e+06
6.19779e+06
6.19779e+06
4.08851e+08
4.08851e+08
1.40416e+08
1.40416e+08
4.08901e+08
4.08901e+08
6.19776e+06
6.19776e+06
6.19776e+06
6.19776e+06
6.19776e+06
4.08851e+08
4.08851e+08
6.19797e+06
6.19797e+06
6.19797e+06
4.089e+08
4.089e+08
4.08901e+08
4.08901e+08
1.40416e+08
1.40416e+08
1.40416e+08
1.40416e+08
4.08901e+08
4.08901e+08
4.089e+08
4.089e+08
1.40416e+08
1.40416e+08
1.40416e+08
1.40416e+08
1.40416e+08
1.40416e+08
1.40416e+08
4.08901e+08
4.08901e+08
0.102371
0.102402
6.24736e+06
6.24736e+06
6.24736e+06
6.24736e+06
6.24736e+06
6.24736e+06
6.24736e+06
4.08851e+08
4.08851e+08
1.40416e+08
1.40416e+08
1.40464e+08
1.40464e+08
1.40464e+08
1.40464e+08
1.40464e+08
0.102432
0.102463
0.0327046
1.40465e+08
1.40465e+08
1.40465e+08
1.40465e+08
1.40465e+08
1.40465e+08
6.19798e+06
6.19798e+06
6.19798e+06
6.19798e+06
6.19798e+06
6.19798e+06
6.19798e+06
6.19798e+06
6.24736e+06
6.24736e+06
6.24736e+06
4.089e+08
4.089e+08
4.08851e+08
4.08851e+08
1.40465e+08
1.40416e+08
1.40416e+08
1.40416e+08
0.00145458
6.24737e+06
6.24737e+06
6.24737e+06
6.24737e+06
6.24737e+06
6.24737e+06
6.24737e+06
0.0952045
0.0952045
1.40465e+08
1.40416e+08
1.40416e+08
1.40416e+08
1.40416e+08
1.40464e+08
1.40464e+08
1.40464e+08
1.40464e+08
6.19798e+06
6.19798e+06
6.19798e+06
1.40465e+08
1.40465e+08
1.40465e+08
1.40416e+08
1.40416e+08
6.2473e+06
6.2473e+06
6.2473e+06
1.40416e+08
1.40416e+08
6.19731e+06
6.19731e+06
6.19731e+06
6.19798e+06
6.19798e+06
6.19798e+06
6.19798e+06
6.19798e+06
6.19798e+06
6.19798e+06
0.0952045
0.0952045
0.104021
0.104025
1.40465e+08
1.40465e+08
0.104029
0.104033
4.089e+08
4.089e+08
0.104008
0.104015
1.40416e+08
1.40416e+08
4.08851e+08
4.08851e+08
1.40416e+08
1.40416e+08
1.40416e+08
1.40416e+08
1.40415e+08
1.40415e+08
1.40415e+08
1.40415e+08
