0
1
0.5
0.25
0.75
0.625
0.875
0.125
0.375
0.8125
0.9375
0.5625
0.6875
0.3125
0.4375
0.0625
0.1875
0.90625
0.96875
0.78125
0.84375
0.65625
0.71875
0.40625
0.46875
0.28125
0.34375
0.15625
0.21875
0.53125
0.59375
0.03125
0.09375
0.578125
0.609375
0.515625
0.546875
0.328125
0.359375
0.390625
0.421875
0.453125
0.484375
0.078125
0.109375
0.265625
0.296875
0.015625
0.046875
0.203125
0.234375
0.140625
0.171875
0.289062
0.304688
0.257812
0.273438
0.226562
0.242188
0.195312
0.210938
0.101562
0.117188
0.0078125
0.0234375
0.164062
0.179688
0.132812
0.148438
0.0703125
0.0859375
0.0390625
0.0546875
0.00390625
0.0117188
0.476562
0.492188
0.507812
0.523438
0.703125
0.734375
0.445312
0.460938
0.320312
0.335938
0.351562
0.367188
0.640625
0.671875
0.382812
0.398438
0.414062
0.429688
0.765625
0.796875
0.128906
0.136719
0.0664062
0.0742188
0.0820312
0.0898438
0.113281
0.121094
0.0195312
0.0273438
0.0351562
0.0429688
0.0507812
0.0585938
0.539062
0.554688
0.0976562
0.105469
0.253906
0.261719
0.238281
0.246094
0.222656
0.230469
0.207031
0.214844
0.601562
0.617188
0.191406
0.199219
0.144531
0.152344
0.160156
0.167969
0.570312
0.585938
0.175781
0.183594
0.378906
0.386719
0.363281
0.371094
0.316406
0.324219
0.347656
0.355469
0.664062
0.679688
0.300781
0.308594
0.269531
0.277344
0.285156
0.292969
0.332031
0.339844
0.632812
0.648438
0.472656
0.480469
0.726562
0.742188
0.457031
0.464844
0.441406
0.449219
0.828125
0.859375
0.410156
0.417969
0.394531
0.402344
0.695312
0.710938
0.953125
0.984375
0.425781
0.433594
0.0488281
0.0527344
0.0332031
0.0371094
0.0410156
0.0449219
0.0175781
0.0214844
0.519531
0.527344
0.0253906
0.0292969
0.488281
0.496094
0.00976562
0.0136719
0.00195312
0.00585938
0.503906
0.511719
0.103516
0.107422
0.0957031
0.0996094
0.550781
0.558594
0.0722656
0.0761719
0.0878906
0.0917969
0.0800781
0.0839844
0.757812
0.773438
0.0644531
0.0683594
0.535156
0.542969
0.0566406
0.0605469
0.166016
0.169922
0.582031
0.589844
0.142578
0.146484
0.150391
0.154297
0.158203
0.162109
0.566406
0.574219
0.126953
0.130859
0.134766
0.138672
0.119141
0.123047
0.111328
0.115234
0.228516
0.232422
0.789062
0.804688
0.197266
0.201172
0.220703
0.224609
0.189453
0.193359
0.597656
0.605469
0.181641
0.185547
0.212891
0.216797
0.205078
0.208984
0.173828
0.177734
0.291016
0.294922
0.283203
0.287109
0.275391
0.279297
0.259766
0.263672
0.628906
0.636719
0.267578
0.271484
0.244141
0.248047
0.251953
0.255859
0.613281
0.621094
0.236328
0.240234
0.353516
0.357422
0.345703
0.349609
0.330078
0.333984
0.337891
0.341797
0.298828
0.302734
0.660156
0.667969
0.322266
0.326172
0.306641
0.310547
0.314453
0.318359
0.644531
0.652344
0.400391
0.404297
0.691406
0.699219
0.392578
0.396484
0.376953
0.380859
0.820312
0.835938
0.369141
0.373047
0.384766
0.388672
0.361328
0.365234
0.675781
0.683594
0.976562
0.992188
0.462891
0.466797
0.722656
0.730469
0.431641
0.435547
0.455078
0.458984
0.447266
0.451172
0.707031
0.714844
0.408203
0.412109
0.416016
0.419922
0.423828
0.427734
0.439453
0.443359
0.000976562
0.00292969
0.509766
0.513672
0.494141
0.498047
0.738281
0.746094
0.501953
0.505859
0.945312
0.960938
0.470703
0.474609
0.478516
0.482422
0.890625
0.921875
0.486328
0.490234
0.525391
0.529297
0.0283203
0.0302734
0.0244141
0.0263672
0.0126953
0.0146484
0.753906
0.761719
0.0205078
0.0224609
0.0166016
0.0185547
0.517578
0.521484
0.00878906
0.0107422
0.00488281
0.00683594
0.0634766
0.0654297
0.0595703
0.0615234
0.0556641
0.0576172
0.533203
0.537109
0.0517578
0.0537109
0.0439453
0.0458984
0.0400391
0.0419922
0.0478516
0.0498047
0.0322266
0.0341797
0.0361328
0.0380859
0.0947266
0.0966797
0.0908203
0.0927734
0.0869141
0.0888672
0.0830078
0.0849609
0.548828
0.552734
0.0791016
0.0810547
0.0712891
0.0732422
0.0673828
0.0693359
0.541016
0.544922
0.0751953
0.0771484
0.12207
0.124023
0.564453
0.568359
0.118164
0.120117
0.110352
0.112305
0.114258
0.116211
0.0986328
0.100586
0.102539
0.104492
0.556641
0.560547
0.769531
0.777344
0.106445
0.108398
0.15332
0.155273
0.149414
0.151367
0.145508
0.147461
0.137695
0.139648
0.141602
0.143555
0.129883
0.131836
0.851562
0.867188
0.125977
0.12793
0.133789
0.135742
0.572266
0.576172
0.18457
0.186523
0.180664
0.182617
0.168945
0.170898
0.587891
0.591797
0.176758
0.178711
0.580078
0.583984
0.165039
0.166992
0.172852
0.174805
0.161133
0.163086
0.157227
0.15918
0.211914
0.213867
0.208008
0.209961
0.192383
0.194336
0.603516
0.607422
0.204102
0.206055
0.188477
0.19043
0.595703
0.599609
0.196289
0.198242
0.200195
0.202148
0.785156
0.792969
0.243164
0.245117
0.239258
0.241211
0.235352
0.237305
0.223633
0.225586
0.619141
0.623047
0.231445
0.233398
0.227539
0.229492
0.611328
0.615234
0.21582
0.217773
0.219727
0.22168
0.270508
0.272461
0.266602
0.268555
0.262695
0.264648
0.800781
0.808594
0.24707
0.249023
0.258789
0.260742
0.254883
0.256836
0.626953
0.630859
0.250977
0.25293
0.914062
0.929688
0.301758
0.303711
0.297852
0.299805
0.290039
0.291992
0.293945
0.295898
0.642578
0.646484
0.27832
0.280273
0.282227
0.28418
0.274414
0.276367
0.634766
0.638672
0.286133
0.288086
0.333008
0.334961
0.329102
0.331055
0.658203
0.662109
0.321289
0.323242
0.325195
0.327148
0.650391
0.654297
0.305664
0.307617
0.30957
0.311523
0.313477
0.31543
0.317383
0.319336
0.356445
0.358398
0.352539
0.354492
0.673828
0.677734
0.816406
0.824219
0.988281
0.996094
0.348633
0.350586
0.344727
0.34668
0.336914
0.338867
0.34082
0.342773
0.666016
0.669922
0.387695
0.389648
0.379883
0.381836
0.689453
0.693359
0.37207
0.374023
0.368164
0.370117
0.383789
0.385742
0.375977
0.37793
0.681641
0.685547
0.364258
0.366211
0.360352
0.362305
0.705078
0.708984
0.415039
0.416992
0.407227
0.40918
0.697266
0.701172
0.411133
0.413086
0.40332
0.405273
0.399414
0.401367
0.391602
0.393555
0.972656
0.980469
0.395508
0.397461
0.957031
0.964844
0.442383
0.444336
0.43457
0.436523
0.712891
0.716797
0.438477
0.44043
0.832031
0.839844
0.430664
0.432617
0.418945
0.420898
0.426758
0.428711
0.422852
0.424805
0.473633
0.475586
0.469727
0.47168
0.46582
0.467773
0.450195
0.452148
0.728516
0.732422
0.458008
0.459961
0.461914
0.463867
0.720703
0.724609
0.446289
0.448242
0.454102
0.456055
0.504883
0.506836
0.500977
0.50293
0.744141
0.748047
0.493164
0.495117
0.489258
0.491211
0.49707
0.499023
0.481445
0.483398
0.485352
0.487305
0.736328
0.740234
0.477539
0.479492
0.00830078
0.00927734
0.516602
0.518555
0.00634766
0.00732422
0.751953
0.755859
0.00439453
0.00537109
0.000488281
0.00146484
0.512695
0.514648
0.941406
0.949219
0.00244141
0.00341797
0.508789
0.510742
0.0239258
0.0249023
0.0219727
0.0229492
0.0141602
0.0151367
0.0200195
0.0209961
0.0161133
0.0170898
0.847656
0.855469
0.012207
0.0131836
0.0102539
0.0112305
0.0180664
0.019043
0.520508
0.522461
0.0395508
0.0405273
0.0375977
0.0385742
0.0336914
0.034668
0.52832
0.530273
0.0356445
0.0366211
0.027832
0.0288086
0.0258789
0.0268555
0.0317383
0.0327148
0.0297852
0.0307617
0.524414
0.526367
0.536133
0.538086
0.0532227
0.0541992
0.0473633
0.0483398
0.759766
0.763672
0.0512695
0.0522461
0.0454102
0.0463867
0.532227
0.53418
0.0415039
0.0424805
0.043457
0.0444336
0.0493164
0.050293
0.0708008
0.0717773
0.0688477
0.0698242
0.540039
0.541992
0.0668945
0.0678711
0.0649414
0.065918
0.0629883
0.0639648
0.0551758
0.0561523
0.0610352
0.0620117
0.0571289
0.0581055
0.059082
0.0600586
0.0864258
0.0874023
0.0844727
0.0854492
0.547852
0.549805
0.074707
0.0756836
0.0825195
0.0834961
0.0786133
0.0795898
0.0805664
0.081543
0.0727539
0.0737305
0.543945
0.545898
0.0766602
0.0776367
0.100098
0.101074
0.0961914
0.097168
0.555664
0.557617
0.0922852
0.0932617
0.0942383
0.0952148
0.0981445
0.0991211
0.551758
0.553711
0.090332
0.0913086
0.767578
0.771484
0.0883789
0.0893555
0.563477
0.56543
0.115723
0.116699
0.11377
0.114746
0.111816
0.112793
0.109863
0.11084
0.102051
0.103027
0.55957
0.561523
0.105957
0.106934
0.104004
0.10498
0.10791
0.108887
0.131348
0.132324
0.129395
0.130371
0.775391
0.779297
0.125488
0.126465
0.127441
0.128418
0.567383
0.569336
0.123535
0.124512
0.121582
0.122559
0.119629
0.120605
0.117676
0.118652
0.146973
0.147949
0.14502
0.145996
0.141113
0.14209
0.143066
0.144043
0.575195
0.577148
0.13916
0.140137
0.133301
0.134277
0.135254
0.13623
0.137207
0.138184
0.571289
0.573242
0.583008
0.584961
0.158691
0.159668
0.160645
0.161621
0.154785
0.155762
0.156738
0.157715
0.152832
0.153809
0.925781
0.933594
0.150879
0.151855
0.148926
0.149902
0.579102
0.581055
0.17627
0.177246
0.174316
0.175293
0.168457
0.169434
0.17041
0.171387
0.172363
0.17334
0.164551
0.165527
0.162598
0.163574
0.586914
0.588867
0.166504
0.16748
0.783203
0.787109
0.191895
0.192871
0.189941
0.190918
0.594727
0.59668
0.186035
0.187012
0.187988
0.188965
0.59082
0.592773
0.184082
0.185059
0.178223
0.179199
0.180176
0.181152
0.182129
0.183105
0.791016
0.794922
0.205566
0.206543
0.203613
0.20459
0.602539
0.604492
0.20166
0.202637
0.195801
0.196777
0.193848
0.194824
0.197754
0.19873
0.199707
0.200684
0.598633
0.600586
0.221191
0.222168
0.219238
0.220215
0.610352
0.612305
0.215332
0.216309
0.217285
0.218262
0.211426
0.212402
0.606445
0.608398
0.20752
0.208496
0.213379
0.214355
0.209473
0.210449
0.236816
0.237793
0.234863
0.23584
0.618164
0.620117
0.229004
0.22998
0.23291
0.233887
0.614258
0.616211
0.230957
0.231934
0.227051
0.228027
0.223145
0.224121
0.225098
0.226074
0.625977
0.62793
0.250488
0.251465
0.246582
0.247559
0.244629
0.245605
0.248535
0.249512
0.62207
0.624023
0.242676
0.243652
0.240723
0.241699
0.798828
0.802734
0.23877
0.239746
0.266113
0.26709
0.26416
0.265137
0.258301
0.259277
0.260254
0.26123
0.262207
0.263184
0.256348
0.257324
0.863281
0.871094
0.252441
0.253418
0.254395
0.255371
0.629883
0.631836
0.281738
0.282715
0.279785
0.280762
0.637695
0.639648
0.275879
0.276855
0.277832
0.278809
0.268066
0.269043
0.271973
0.272949
0.633789
0.635742
0.27002
0.270996
0.273926
0.274902
0.29541
0.296387
0.291504
0.29248
0.293457
0.294434
0.287598
0.288574
0.289551
0.290527
0.645508
0.647461
0.806641
0.810547
0.283691
0.284668
0.641602
0.643555
0.285645
0.286621
0.311035
0.312012
0.309082
0.310059
0.307129
0.308105
0.303223
0.304199
0.65332
0.655273
0.30127
0.302246
0.305176
0.306152
0.299316
0.300293
0.649414
0.651367
0.297363
0.29834
0.324707
0.325684
0.814453
0.818359
0.661133
0.663086
0.320801
0.321777
0.322754
0.32373
0.312988
0.313965
0.318848
0.319824
0.657227
0.65918
0.316895
0.317871
0.314941
0.315918
0.668945
0.670898
0.340332
0.341309
0.338379
0.339355
0.336426
0.337402
0.665039
0.666992
0.334473
0.335449
0.328613
0.32959
0.33252
0.333496
0.330566
0.331543
0.32666
0.327637
0.354004
0.35498
0.350098
0.351074
0.352051
0.353027
0.672852
0.674805
0.994141
0.998047
0.346191
0.347168
0.910156
0.917969
0.344238
0.345215
0.348145
0.349121
0.342285
0.343262
0.365723
0.366699
0.680664
0.682617
0.36377
0.364746
0.986328
0.990234
0.822266
0.826172
0.676758
0.678711
0.359863
0.36084
0.355957
0.356934
0.35791
0.358887
0.361816
0.362793
0.381348
0.382324
0.688477
0.69043
0.68457
0.686523
0.379395
0.380371
0.377441
0.378418
0.369629
0.370605
0.371582
0.372559
0.373535
0.374512
0.375488
0.376465
0.367676
0.368652
0.696289
0.698242
0.39502
0.395996
0.38916
0.390137
0.391113
0.39209
0.393066
0.394043
0.978516
0.982422
0.692383
0.694336
0.385254
0.38623
0.387207
0.388184
0.383301
0.384277
0.408691
0.409668
0.970703
0.974609
0.402832
0.403809
0.406738
0.407715
0.830078
0.833984
0.396973
0.397949
0.398926
0.399902
0.404785
0.405762
0.700195
0.702148
0.400879
0.401855
0.424316
0.425293
0.422363
0.42334
0.708008
0.709961
0.416504
0.41748
0.42041
0.421387
0.414551
0.415527
0.418457
0.419434
0.704102
0.706055
0.410645
0.411621
0.412598
0.413574
0.437988
0.438965
0.71582
0.717773
0.962891
0.966797
0.434082
0.435059
0.436035
0.437012
0.711914
0.713867
0.428223
0.429199
0.430176
0.431152
0.42627
0.427246
0.432129
0.433105
0.453613
0.45459
0.45166
0.452637
0.719727
0.72168
0.449707
0.450684
0.447754
0.44873
0.441895
0.442871
0.443848
0.444824
0.837891
0.841797
0.445801
0.446777
0.439941
0.440918
0.467285
0.468262
0.465332
0.466309
0.727539
0.729492
0.463379
0.464355
0.461426
0.462402
0.45752
0.458496
0.459473
0.460449
0.723633
0.725586
0.955078
0.958984
0.455566
0.456543
0.48291
0.483887
0.479004
0.47998
0.480957
0.481934
0.475098
0.476074
0.735352
0.737305
0.469238
0.470215
0.477051
0.478027
0.473145
0.474121
0.731445
0.733398
0.471191
0.472168
0.845703
0.849609
0.743164
0.745117
0.494629
0.495605
0.490723
0.491699
0.947266
0.951172
0.492676
0.493652
0.486816
0.487793
0.739258
0.741211
0.48877
0.489746
0.484863
0.48584
0.512207
0.513184
0.510254
0.51123
0.506348
0.507324
0.74707
0.749023
0.508301
0.509277
0.504395
0.505371
0.498535
0.499512
0.500488
0.501465
0.502441
0.503418
0.496582
0.497559
0.00610352
0.0065918
0.00512695
0.00561523
0.0012207
0.00170898
0.00317383
0.00366211
0.00415039
0.00463867
0.750977
0.75293
0.51416
0.515137
0.516113
0.51709
0.000244141
0.000732422
0.00219727
0.00268555
0.013916
0.0144043
0.0129395
0.0134277
0.0119629
0.0124512
0.0109863
0.0114746
0.52002
0.520996
0.0100098
0.010498
0.00805664
0.00854492
0.00708008
0.00756836
0.518066
0.519043
0.0090332
0.00952148
0.020752
0.0212402
0.0197754
0.0202637
0.0187988
0.0192871
0.521973
0.522949
0.939453
0.943359
0.0158691
0.0163574
0.0178223
0.0183105
0.0168457
0.017334
0.0148926
0.0153809
0.754883
0.756836
0.0285645
0.0290527
0.525879
0.526855
0.0275879
0.0280762
0.0256348
0.026123
0.0236816
0.0241699
0.0266113
0.0270996
0.0217285
0.0222168
0.0246582
0.0251465
0.0227051
0.0231934
0.523926
0.524902
0.758789
0.760742
0.036377
0.0368652
0.0354004
0.0358887
0.0334473
0.0339355
0.527832
0.528809
0.029541
0.0300293
0.0344238
0.0349121
0.0314941
0.0319824
0.0324707
0.032959
0.0305176
0.0310059
0.0441895
0.0446777
0.0432129
0.0437012
0.0422363
0.0427246
0.0412598
0.041748
0.531738
0.532715
0.0402832
0.0407715
0.0373535
0.0378418
0.529785
0.530762
0.0383301
0.0388184
0.0393066
0.0397949
0.052002
0.0524902
0.535645
0.536621
0.0490723
0.0495605
0.0500488
0.0505371
0.0510254
0.0515137
0.533691
0.534668
0.0471191
0.0476074
0.0480957
0.048584
0.0461426
0.0466309
0.045166
0.0456543
0.0598145
0.0603027
0.0588379
0.0593262
0.0568848
0.057373
0.762695
0.764648
0.0578613
0.0583496
0.0529785
0.0534668
0.0549316
0.0554199
0.0559082
0.0563965
0.0539551
0.0544434
0.537598
0.538574
0.067627
0.0681152
0.0666504
0.0671387
0.0656738
0.0661621
0.0637207
0.064209
0.541504
0.54248
0.060791
0.0612793
0.0646973
0.0651855
0.539551
0.540527
0.0617676
0.0622559
0.0627441
0.0632324
0.54541
0.546387
0.0744629
0.0749512
0.0734863
0.0739746
0.0725098
0.072998
0.853516
0.857422
0.0705566
0.0710449
0.0695801
0.0700684
0.0715332
0.0720215
0.543457
0.544434
0.0686035
0.0690918
0.0822754
0.0827637
0.0812988
0.0817871
0.0783691
0.0788574
0.0803223
0.0808105
0.547363
0.54834
0.0773926
0.0778809
0.766602
0.768555
0.0793457
0.079834
0.0754395
0.0759277
0.076416
0.0769043
0.0900879
0.0905762
0.55127
0.552246
0.0891113
0.0895996
0.0881348
0.088623
0.0871582
0.0876465
0.549316
0.550293
0.0852051
0.0856934
0.0861816
0.0866699
0.0842285
0.0847168
0.083252
0.0837402
0.0979004
0.0983887
0.555176
0.556152
0.0959473
0.0964355
0.0930176
0.0935059
0.0969238
0.0974121
0.0939941
0.0944824
0.0949707
0.095459
0.0910645
0.0915527
0.092041
0.0925293
0.553223
0.554199
0.105713
0.106201
0.102783
0.103271
0.104736
0.105225
0.101807
0.102295
0.557129
0.558105
0.0998535
0.100342
0.10376
0.104248
0.10083
0.101318
0.098877
0.0993652
0.770508
0.772461
0.112549
0.113037
0.111572
0.112061
0.110596
0.111084
0.561035
0.562012
0.109619
0.110107
0.106689
0.107178
0.107666
0.108154
0.108643
0.109131
0.931641
0.935547
0.559082
0.560059
0.564941
0.565918
0.118408
0.118896
0.119385
0.119873
0.115479
0.115967
0.774414
0.776367
0.116455
0.116943
0.117432
0.11792
0.114502
0.11499
0.113525
0.114014
0.562988
0.563965
0.128174
0.128662
0.127197
0.127686
0.566895
0.567871
0.126221
0.126709
0.125244
0.125732
0.123291
0.123779
0.122314
0.122803
0.121338
0.121826
0.124268
0.124756
0.120361
0.12085
0.135986
0.136475
0.13501
0.135498
0.133057
0.133545
0.134033
0.134521
0.570801
0.571777
0.131104
0.131592
0.12915
0.129639
0.13208
0.132568
0.130127
0.130615
0.568848
0.569824
0.142822
0.143311
0.139893
0.140381
0.141846
0.142334
0.138916
0.139404
0.137939
0.138428
0.574707
0.575684
0.140869
0.141357
0.572754
0.57373
0.77832
0.780273
0.136963
0.137451
0.578613
0.57959
0.149658
0.150146
0.146729
0.147217
0.147705
0.148193
0.148682
0.14917
0.145752
0.14624
0.144775
0.145264
0.57666
0.577637
0.143799
0.144287
0.882812
0.898438
0.157471
0.157959
0.156494
0.156982
0.155518
0.156006
0.152588
0.153076
0.580566
0.581543
0.154541
0.155029
0.150635
0.151123
0.878906
0.886719
0.151611
0.1521
0.153564
0.154053
0.164307
0.164795
0.16333
0.163818
0.162354
0.162842
0.584473
0.585449
0.158447
0.158936
0.161377
0.161865
0.58252
0.583496
0.1604
0.160889
0.159424
0.159912
0.782227
0.78418
0.172119
0.172607
0.588379
0.589355
0.171143
0.171631
0.168213
0.168701
0.169189
0.169678
0.167236
0.167725
0.170166
0.170654
0.165283
0.165771
0.586426
0.587402
0.16626
0.166748
0.179932
0.18042
0.178955
0.179443
0.177002
0.17749
0.786133
0.788086
0.177979
0.178467
0.173096
0.173584
0.590332
0.591309
0.174072
0.174561
0.176025
0.176514
0.175049
0.175537
0.187744
0.188232
0.185791
0.186279
0.186768
0.187256
0.183838
0.184326
0.184814
0.185303
0.182861
0.18335
0.594238
0.595215
0.592285
0.593262
0.180908
0.181396
0.181885
0.182373
0.19458
0.195068
0.861328
0.865234
0.193604
0.194092
0.190674
0.191162
0.598145
0.599121
0.192627
0.193115
0.188721
0.189209
0.596191
0.597168
0.189697
0.190186
0.19165
0.192139
0.602051
0.603027
0.200439
0.200928
0.198486
0.198975
0.199463
0.199951
0.19751
0.197998
0.196533
0.197021
0.923828
0.927734
0.195557
0.196045
0.790039
0.791992
0.600098
0.601074
0.605957
0.606934
0.208252
0.20874
0.604004
0.60498
0.206299
0.206787
0.207275
0.207764
0.202393
0.202881
0.201416
0.201904
0.204346
0.204834
0.205322
0.205811
0.203369
0.203857
0.216064
0.216553
0.215088
0.215576
0.793945
0.795898
0.60791
0.608887
0.214111
0.2146
0.209229
0.209717
0.213135
0.213623
0.212158
0.212646
0.210205
0.210693
0.211182
0.21167
0.223877
0.224365
0.2229
0.223389
0.220947
0.221436
0.611816
0.612793
0.221924
0.222412
0.218994
0.219482
0.217041
0.217529
0.219971
0.220459
0.609863
0.61084
0.218018
0.218506
0.231689
0.232178
0.230713
0.231201
0.615723
0.616699
0.227783
0.228271
0.229736
0.230225
0.22583
0.226318
0.22876
0.229248
0.61377
0.614746
0.224854
0.225342
0.226807
0.227295
0.238525
0.239014
0.619629
0.620605
0.236572
0.237061
0.235596
0.236084
0.237549
0.238037
0.234619
0.235107
0.232666
0.233154
0.797852
0.799805
0.617676
0.618652
0.233643
0.234131
0.246338
0.246826
0.245361
0.24585
0.623535
0.624512
0.244385
0.244873
0.621582
0.622559
0.242432
0.24292
0.241455
0.241943
0.239502
0.23999
0.243408
0.243896
0.240479
0.240967
0.25415
0.254639
0.627441
0.628418
0.251221
0.251709
0.252197
0.252686
0.253174
0.253662
0.248291
0.248779
0.625488
0.626465
0.250244
0.250732
0.249268
0.249756
0.247314
0.247803
0.261963
0.262451
0.26001
0.260498
0.260986
0.261475
0.258057
0.258545
0.629395
0.630371
0.801758
0.803711
0.259033
0.259521
0.256104
0.256592
0.255127
0.255615
0.25708
0.257568
0.269775
0.270264
0.268799
0.269287
0.267822
0.268311
0.266846
0.267334
0.633301
0.634277
0.631348
0.632324
0.265869
0.266357
0.264893
0.265381
0.263916
0.264404
0.262939
0.263428
0.276611
0.2771
0.275635
0.276123
0.805664
0.807617
0.637207
0.638184
0.274658
0.275146
0.271729
0.272217
0.273682
0.27417
0.635254
0.63623
0.272705
0.273193
0.270752
0.27124
0.284424
0.284912
0.283447
0.283936
0.282471
0.282959
0.280518
0.281006
0.641113
0.64209
0.281494
0.281982
0.277588
0.278076
0.279541
0.280029
0.63916
0.640137
0.278564
0.279053
0.292236
0.292725
0.29126
0.291748
0.289307
0.289795
0.64502
0.645996
0.287354
0.287842
0.28833
0.288818
0.286377
0.286865
0.2854
0.285889
0.290283
0.290771
0.643066
0.644043
0.648926
0.649902
0.298096
0.298584
0.297119
0.297607
0.294189
0.294678
0.295166
0.295654
0.646973
0.647949
0.296143
0.296631
0.80957
0.811523
0.293213
0.293701
0.916016
0.919922
0.652832
0.653809
0.305908
0.306396
0.303955
0.304443
0.304932
0.30542
0.650879
0.651855
0.299072
0.299561
0.301025
0.301514
0.302979
0.303467
0.302002
0.30249
0.300049
0.300537
0.313721
0.314209
0.813477
0.81543
0.311768
0.312256
0.654785
0.655762
0.312744
0.313232
0.306885
0.307373
0.310791
0.311279
0.307861
0.30835
0.308838
0.309326
0.309814
0.310303
0.31958
0.320068
0.658691
0.659668
0.869141
0.873047
0.318604
0.319092
0.317627
0.318115
0.894531
0.902344
0.314697
0.315186
0.31665
0.317139
0.656738
0.657715
0.315674
0.316162
0.327393
0.327881
0.662598
0.663574
0.325439
0.325928
0.323486
0.323975
0.326416
0.326904
0.324463
0.324951
0.320557
0.321045
0.660645
0.661621
0.321533
0.322021
0.32251
0.322998
0.666504
0.66748
0.817383
0.819336
0.334229
0.334717
0.331299
0.331787
0.333252
0.33374
0.329346
0.329834
0.328369
0.328857
0.330322
0.330811
0.664551
0.665527
0.332275
0.332764
0.342041
0.342529
0.340088
0.340576
0.341064
0.341553
0.668457
0.669434
0.99707
0.999023
0.339111
0.3396
0.337158
0.337646
0.338135
0.338623
0.336182
0.33667
0.335205
0.335693
0.348877
0.349365
0.993164
0.995117
0.345947
0.346436
0.346924
0.347412
0.3479
0.348389
0.67041
0.671387
0.343994
0.344482
0.672363
0.67334
0.343018
0.343506
0.344971
0.345459
0.355713
0.356201
0.67627
0.677246
0.354736
0.355225
0.35376
0.354248
0.821289
0.823242
0.352783
0.353271
0.35083
0.351318
0.674316
0.675293
0.351807
0.352295
0.349854
0.350342
0.680176
0.681152
0.362549
0.363037
0.360596
0.361084
0.359619
0.360107
0.361572
0.362061
0.358643
0.359131
0.357666
0.358154
0.678223
0.679199
0.356689
0.357178
0.989258
0.991211
0.370361
0.37085
0.369385
0.369873
0.682129
0.683105
0.985352
0.987305
0.368408
0.368896
0.365479
0.365967
0.364502
0.36499
0.363525
0.364014
0.367432
0.36792
0.366455
0.366943
0.377197
0.377686
0.376221
0.376709
0.686035
0.687012
0.373291
0.373779
0.375244
0.375732
0.825195
0.827148
0.374268
0.374756
0.372314
0.372803
0.684082
0.685059
0.371338
0.371826
0.384033
0.384521
0.383057
0.383545
0.381104
0.381592
0.689941
0.690918
0.981445
0.983398
0.37915
0.379639
0.687988
0.688965
0.380127
0.380615
0.38208
0.382568
0.378174
0.378662
0.693848
0.694824
0.390869
0.391357
0.388916
0.389404
0.389893
0.390381
0.977539
0.979492
0.387939
0.388428
0.691895
0.692871
0.386963
0.387451
0.38501
0.385498
0.385986
0.386475
0.398682
0.39917
0.397705
0.398193
0.695801
0.696777
0.395752
0.39624
0.396729
0.397217
0.391846
0.392334
0.392822
0.393311
0.393799
0.394287
0.829102
0.831055
0.394775
0.395264
0.405518
0.406006
0.404541
0.405029
0.403564
0.404053
0.699707
0.700684
0.401611
0.4021
0.973633
0.975586
0.697754
0.69873
0.400635
0.401123
0.402588
0.403076
0.399658
0.400146
0.412354
0.412842
0.411377
0.411865
0.4104
0.410889
0.908203
0.912109
0.703613
0.70459
0.408447
0.408936
0.407471
0.407959
0.406494
0.406982
0.409424
0.409912
0.70166
0.702637
0.419189
0.419678
0.417236
0.417725
0.418213
0.418701
0.41626
0.416748
0.705566
0.706543
0.415283
0.415771
0.833008
0.834961
0.41333
0.413818
0.969727
0.97168
0.414307
0.414795
0.96582
0.967773
0.426025
0.426514
0.425049
0.425537
0.424072
0.424561
0.709473
0.710449
0.421143
0.421631
0.70752
0.708496
0.423096
0.423584
0.420166
0.420654
0.422119
0.422607
0.433838
0.434326
0.432861
0.43335
0.713379
0.714355
0.430908
0.431396
0.431885
0.432373
0.429932
0.43042
0.427979
0.428467
0.427002
0.42749
0.711426
0.712402
0.428955
0.429443
0.717285
0.718262
0.439697
0.440186
0.961914
0.963867
0.437744
0.438232
0.836914
0.838867
0.438721
0.439209
0.436768
0.437256
0.435791
0.436279
0.434814
0.435303
0.715332
0.716309
0.721191
0.722168
0.44751
0.447998
0.445557
0.446045
0.44458
0.445068
0.446533
0.447021
0.719238
0.720215
0.443604
0.444092
0.440674
0.441162
0.442627
0.443115
0.44165
0.442139
0.455322
0.455811
0.453369
0.453857
0.454346
0.454834
0.723145
0.724121
0.958008
0.959961
0.452393
0.452881
0.449463
0.449951
0.448486
0.448975
0.450439
0.450928
0.451416
0.451904
0.461182
0.46167
0.84082
0.842773
0.459229
0.459717
0.727051
0.728027
0.460205
0.460693
0.456299
0.456787
0.725098
0.726074
0.876953
0.880859
0.458252
0.45874
0.457275
0.457764
0.730957
0.731934
0.468018
0.468506
0.467041
0.467529
0.729004
0.72998
0.954102
0.956055
0.464111
0.4646
0.466064
0.466553
0.462158
0.462646
0.463135
0.463623
0.465088
0.465576
0.476807
0.477295
0.47583
0.476318
0.474854
0.475342
0.73291
0.733887
0.473877
0.474365
0.471924
0.472412
0.4729
0.473389
0.468994
0.469482
0.470947
0.471436
0.469971
0.470459
0.483643
0.484131
0.482666
0.483154
0.480713
0.481201
0.481689
0.482178
0.950195
0.952148
0.479736
0.480225
0.734863
0.73584
0.477783
0.478271
0.47876
0.479248
0.736816
0.737793
0.490479
0.490967
0.489502
0.48999
0.486572
0.487061
0.740723
0.741699
0.485596
0.486084
0.73877
0.739746
0.484619
0.485107
0.487549
0.488037
0.488525
0.489014
0.844727
0.84668
0.946289
0.948242
0.497314
0.497803
0.744629
0.745605
0.495361
0.49585
0.496338
0.496826
0.742676
0.743652
0.494385
0.494873
0.492432
0.49292
0.491455
0.491943
0.493408
0.493896
0.506104
0.506592
0.50415
0.504639
0.505127
0.505615
0.502197
0.502686
0.503174
0.503662
0.500244
0.500732
0.501221
0.501709
0.746582
0.747559
0.498291
0.498779
0.499268
0.499756
0.512939
0.513428
0.511963
0.512451
0.51001
0.510498
0.510986
0.511475
0.750488
0.751465
0.748535
0.749512
0.848633
0.850586
0.50708
0.507568
0.508057
0.508545
0.509033
0.509521
0.0020752
0.00231934
0.00158691
0.00183105
0.00109863
0.00134277
0.000610352
0.000854492
0.515869
0.516357
0.514893
0.515381
0.752441
0.753418
0.00012207
0.000366211
0.942383
0.944336
0.513916
0.514404
0.00646973
0.00671387
0.00598145
0.00622559
0.00549316
0.0057373
0.00500488
0.00524902
0.0045166
0.00476074
0.00402832
0.00427246
0.00305176
0.0032959
0.00354004
0.00378418
0.00256348
0.00280762
0.516846
0.517334
0.0098877
0.0101318
0.754395
0.755371
0.00842285
0.00866699
0.00939941
0.00964355
0.518799
0.519287
0.00744629
0.00769043
0.517822
0.518311
0.00891113
0.00915527
0.00793457
0.00817871
0.00695801
0.00720215
0.520752
0.52124
0.0137939
0.0140381
0.0133057
0.0135498
0.0128174
0.0130615
0.0123291
0.0125732
0.0118408
0.012085
0.0108643
0.0111084
0.0113525
0.0115967
0.010376
0.0106201
0.519775
0.520264
0.0181885
0.0184326
0.0177002
0.0179443
0.0157471
0.0159912
0.0172119
0.0174561
0.521729
0.522217
0.0147705
0.0150146
0.0152588
0.0155029
0.0142822
0.0145264
0.0167236
0.0169678
0.0162354
0.0164795
0.523682
0.52417
0.0211182
0.0213623
0.0216064
0.0218506
0.0206299
0.020874
0.756348
0.757324
0.0196533
0.0198975
0.522705
0.523193
0.0186768
0.0189209
0.019165
0.0194092
0.0201416
0.0203857
0.026001
0.0262451
0.0250244
0.0252686
0.0255127
0.0257568
0.0240479
0.024292
0.524658
0.525146
0.0235596
0.0238037
0.0245361
0.0247803
0.022583
0.0228271
0.0230713
0.0233154
0.0220947
0.0223389
0.0299072
0.0301514
0.526611
0.5271
0.0294189
0.0296631
0.0289307
0.0291748
0.0279541
0.0281982
0.0264893
0.0267334
0.0269775
0.0272217
0.0284424
0.0286865
0.0274658
0.02771
0.525635
0.526123
0.0338135
0.0340576
0.0328369
0.0330811
0.0333252
0.0335693
0.0318604
0.0321045
0.527588
0.528076
0.0308838
0.0311279
0.0323486
0.0325928
0.758301
0.759277
0.0313721
0.0316162
0.0303955
0.0306396
0.0377197
0.0379639
0.0367432
0.0369873
0.0372314
0.0374756
0.0362549
0.036499
0.529541
0.530029
0.0357666
0.0360107
0.0352783
0.0355225
0.0343018
0.0345459
0.03479
0.0350342
0.528564
0.529053
0.531494
0.531982
0.938477
0.94043
0.0411377
0.0413818
0.0406494
0.0408936
0.530518
0.531006
0.0386963
0.0389404
0.0401611
0.0404053
0.0396729
0.039917
0.0391846
0.0394287
0.038208
0.0384521
0.0445557
0.0447998
0.532471
0.532959
0.0440674
0.0443115
0.0435791
0.0438232
0.852539
0.854492
0.0421143
0.0423584
0.0426025
0.0428467
0.0430908
0.043335
0.041626
0.0418701
0.760254
0.76123
0.0484619
0.0487061
0.534424
0.534912
0.0479736
0.0482178
0.0465088
0.0467529
0.0474854
0.0477295
0.0455322
0.0457764
0.0469971
0.0472412
0.533447
0.533936
0.0460205
0.0462646
0.0450439
0.0452881
0.762207
0.763184
0.0523682
0.0526123
0.0518799
0.052124
0.0509033
0.0511475
0.0513916
0.0516357
0.0494385
0.0496826
0.0489502
0.0491943
0.5354
0.535889
0.050415
0.0506592
0.0499268
0.0501709
0.0562744
0.0565186
0.0557861
0.0560303
0.0552979
0.055542
0.0548096
0.0550537
0.537354
0.537842
0.0528564
0.0531006
0.053833
0.0540771
0.0543213
0.0545654
0.0533447
0.0535889
0.536377
0.536865
0.539307
0.539795
0.0601807
0.0604248
0.0587158
0.05896
0.0592041
0.0594482
0.0596924
0.0599365
0.0582275
0.0584717
0.53833
0.538818
0.057251
0.0574951
0.0567627
0.0570068
0.0577393
0.0579834
0.0640869
0.0643311
0.0631104
0.0633545
0.0635986
0.0638428
0.0621338
0.0623779
0.76416
0.765137
0.0606689
0.0609131
0.540283
0.540771
0.0611572
0.0614014
0.0616455
0.0618896
0.0626221
0.0628662
0.0679932
0.0682373
0.0675049
0.067749
0.0670166
0.0672607
0.0665283
0.0667725
0.542236
0.542725
0.54126
0.541748
0.06604
0.0662842
0.0650635
0.0653076
0.0645752
0.0648193
0.0655518
0.0657959
0.0718994
0.0721436
0.544189
0.544678
0.0714111
0.0716553
0.0709229
0.071167
0.543213
0.543701
0.069458
0.0697021
0.0704346
0.0706787
0.0689697
0.0692139
0.0699463
0.0701904
0.0684814
0.0687256
0.0758057
0.0760498
0.545166
0.545654
0.0753174
0.0755615
0.0738525
0.0740967
0.766113
0.76709
0.0748291
0.0750732
0.0743408
0.074585
0.0733643
0.0736084
0.072876
0.0731201
0.0723877
0.0726318
0.0797119
0.0799561
0.0792236
0.0794678
0.0782471
0.0784912
0.0787354
0.0789795
0.547119
0.547607
0.0772705
0.0775146
0.0777588
0.0780029
0.0767822
0.0770264
0.546143
0.546631
0.0762939
0.0765381
0.549072
0.549561
0.768066
0.769043
0.0821533
0.0823975
0.0826416
0.0828857
0.0831299
0.083374
0.548096
0.548584
0.0811768
0.0814209
0.0802002
0.0804443
0.081665
0.0819092
0.0806885
0.0809326
0.0870361
0.0872803
0.0865479
0.086792
0.0860596
0.0863037
0.550049
0.550537
0.0855713
0.0858154
0.93457
0.936523
0.085083
0.0853271
0.0841064
0.0843506
0.0845947
0.0848389
0.0836182
0.0838623
0.0909424
0.0911865
0.0904541
0.0906982
0.088501
0.0887451
0.552002
0.55249
0.0899658
0.09021
0.0880127
0.0882568
0.551025
0.551514
0.0889893
0.0892334
0.0894775
0.0897217
0.0875244
0.0877686
0.553955
0.554443
0.0943604
0.0946045
0.0933838
0.0936279
0.0938721
0.0941162
0.77002
0.770996
0.0928955
0.0931396
0.0919189
0.0921631
0.0924072
0.0926514
0.552979
0.553467
0.0914307
0.0916748
0.0987549
0.098999
0.0977783
0.0980225
0.0982666
0.0985107
0.09729
0.0975342
0.554932
0.55542
0.0953369
0.0955811
0.0968018
0.0970459
0.0948486
0.0950928
0.0963135
0.0965576
0.0958252
0.0960693
0.102661
0.102905
0.102173
0.102417
0.100708
0.100952
0.101685
0.101929
0.556885
0.557373
0.10022
0.100464
0.555908
0.556396
0.0997314
0.0999756
0.101196
0.10144
0.0992432
0.0994873
0.105591
0.105835
0.104126
0.10437
0.105103
0.105347
0.103638
0.103882
0.900391
0.904297
0.771973
0.772949
0.104614
0.104858
0.557861
0.55835
0.103149
0.103394
0.856445
0.858398
0.109497
0.109741
0.559814
0.560303
0.109009
0.109253
0.107056
0.1073
0.107544
0.107788
0.108032
0.108276
0.108521
0.108765
0.106079
0.106323
0.106567
0.106812
0.558838
0.559326
0.773926
0.774902
0.112915
0.113159
0.112427
0.112671
0.111938
0.112183
0.561768
0.562256
0.560791
0.561279
0.109985
0.110229
0.110474
0.110718
0.11145
0.111694
0.110962
0.111206
0.563721
0.564209
0.116821
0.117065
0.115356
0.115601
0.115845
0.116089
0.116333
0.116577
0.11438
0.114624
0.113892
0.114136
0.114868
0.115112
0.113403
0.113647
0.562744
0.563232
0.121216
0.12146
0.120728
0.120972
0.119751
0.119995
0.119263
0.119507
0.120239
0.120483
0.118286
0.11853
0.564697
0.565186
0.117798
0.118042
0.118774
0.119019
0.11731
0.117554
0.124634
0.124878
0.124146
0.12439
0.775879
0.776855
0.123657
0.123901
0.56665
0.567139
0.565674
0.566162
0.123169
0.123413
0.121704
0.121948
0.122192
0.122437
0.122681
0.122925
0.930664
0.932617
0.128052
0.128296
0.127075
0.127319
0.568604
0.569092
0.127563
0.127808
0.126587
0.126831
0.12561
0.125854
0.126099
0.126343
0.567627
0.568115
0.125122
0.125366
0.570557
0.571045
0.13147
0.131714
0.131958
0.132202
0.130493
0.130737
0.56958
0.570068
0.130981
0.131226
0.130005
0.130249
0.129517
0.129761
0.129028
0.129272
0.12854
0.128784
0.135864
0.136108
0.135376
0.13562
0.133911
0.134155
0.134399
0.134644
0.134888
0.135132
0.777832
0.778809
0.132935
0.133179
0.571533
0.572021
0.133423
0.133667
0.132446
0.13269
0.139771
0.140015
0.139282
0.139526
0.138794
0.139038
0.138306
0.13855
0.137329
0.137573
0.573486
0.573975
0.57251
0.572998
0.137817
0.138062
0.136841
0.137085
0.136353
0.136597
0.143188
0.143433
0.779785
0.780762
0.575439
0.575928
0.142212
0.142456
0.1427
0.142944
0.574463
0.574951
0.140747
0.140991
0.141235
0.141479
0.141724
0.141968
0.140259
0.140503
0.577393
0.577881
0.147095
0.147339
0.145142
0.145386
0.146118
0.146362
0.146606
0.146851
0.143677
0.143921
0.144653
0.144897
0.14563
0.145874
0.576416
0.576904
0.144165
0.144409
0.151489
0.151733
0.151001
0.151245
0.150024
0.150269
0.150513
0.150757
0.149536
0.14978
0.578369
0.578857
0.14856
0.148804
0.148071
0.148315
0.147583
0.147827
0.149048
0.149292
0.154907
0.155151
0.154419
0.154663
0.153931
0.154175
0.781738
0.782715
0.580322
0.580811
0.152954
0.153198
0.579346
0.579834
0.152466
0.15271
0.151978
0.152222
0.153442
0.153687
0.158813
0.159058
0.582275
0.582764
0.158325
0.158569
0.15686
0.157104
0.157349
0.157593
0.157837
0.158081
0.155884
0.156128
0.155396
0.15564
0.581299
0.581787
0.156372
0.156616
0.783691
0.784668
0.162231
0.162476
0.161255
0.161499
0.160767
0.161011
0.584229
0.584717
0.159302
0.159546
0.160278
0.160522
0.15979
0.160034
0.583252
0.58374
0.161743
0.161987
0.166138
0.166382
0.165649
0.165894
0.165161
0.165405
0.585205
0.585693
0.164673
0.164917
0.163696
0.16394
0.163208
0.163452
0.164185
0.164429
0.16272
0.162964
0.860352
0.862305
0.170044
0.170288
0.169556
0.1698
0.168579
0.168823
0.169067
0.169312
0.168091
0.168335
0.587158
0.587646
0.167114
0.167358
0.166626
0.16687
0.586182
0.58667
0.167603
0.167847
0.926758
0.928711
0.589111
0.5896
0.172974
0.173218
0.171021
0.171265
0.172485
0.172729
0.171997
0.172241
0.785645
0.786621
0.170532
0.170776
0.588135
0.588623
0.171509
0.171753
0.591064
0.591553
0.17688
0.177124
0.175903
0.176147
0.176392
0.176636
0.590088
0.590576
0.173462
0.173706
0.174927
0.175171
0.17395
0.174194
0.175415
0.175659
0.174438
0.174683
0.593018
0.593506
0.180786
0.18103
0.17981
0.180054
0.179321
0.179565
0.180298
0.180542
0.177368
0.177612
0.177856
0.178101
0.178833
0.179077
0.592041
0.592529
0.178345
0.178589
0.184692
0.184937
0.184204
0.184448
0.183716
0.18396
0.183228
0.183472
0.182251
0.182495
0.593994
0.594482
0.787598
0.788574
0.182739
0.182983
0.181763
0.182007
0.181274
0.181519
0.188599
0.188843
0.18811
0.188354
0.187622
0.187866
0.187134
0.187378
0.595947
0.596436
0.185669
0.185913
0.186157
0.186401
0.186646
0.18689
0.594971
0.595459
0.185181
0.185425
0.192017
0.192261
0.789551
0.790527
0.190063
0.190308
0.5979
0.598389
0.191528
0.191772
0.189087
0.189331
0.189575
0.189819
0.190552
0.190796
0.19104
0.191284
0.596924
0.597412
0.195923
0.196167
0.599854
0.600342
0.194946
0.19519
0.598877
0.599365
0.195435
0.195679
0.194458
0.194702
0.19397
0.194214
0.192993
0.193237
0.193481
0.193726
0.192505
0.192749
0.601807
0.602295
0.199341
0.199585
0.199829
0.200073
0.60083
0.601318
0.198364
0.198608
0.197876
0.19812
0.198853
0.199097
0.197388
0.197632
0.196899
0.197144
0.196411
0.196655
0.203735
0.203979
0.203247
0.203491
0.602783
0.603271
0.202271
0.202515
0.202759
0.203003
0.201782
0.202026
0.791504
0.79248
0.200317
0.200562
0.201294
0.201538
0.200806
0.20105
0.207642
0.207886
0.207153
0.207397
0.206665
0.206909
0.205688
0.205933
0.206177
0.206421
0.204712
0.204956
0.604736
0.605225
0.60376
0.604248
0.2052
0.205444
0.204224
0.204468
0.21106
0.211304
0.793457
0.794434
0.606689
0.607178
0.210083
0.210327
0.210571
0.210815
0.209595
0.209839
0.208618
0.208862
0.209106
0.209351
0.20813
0.208374
0.605713
0.606201
0.214966
0.21521
0.214478
0.214722
0.213989
0.214233
0.607666
0.608154
0.608643
0.609131
0.213501
0.213745
0.213013
0.213257
0.211548
0.211792
0.212036
0.21228
0.212524
0.212769
0.218872
0.219116
0.610596
0.611084
0.217896
0.21814
0.217407
0.217651
0.218384
0.218628
0.216919
0.217163
0.215942
0.216187
0.609619
0.610107
0.216431
0.216675
0.215454
0.215698
0.22229
0.222534
0.221313
0.221558
0.221802
0.222046
0.220825
0.221069
0.611572
0.612061
0.79541
0.796387
0.21936
0.219604
0.220337
0.220581
0.922852
0.924805
0.219849
0.220093
0.225708
0.225952
0.22522
0.225464
0.223755
0.223999
0.613525
0.614014
0.224731
0.224976
0.222778
0.223022
0.864258
0.866211
0.224243
0.224487
0.612549
0.613037
0.223267
0.223511
0.229614
0.229858
0.229126
0.22937
0.228638
0.228882
0.228149
0.228394
0.615479
0.615967
0.227173
0.227417
0.226196
0.22644
0.227661
0.227905
0.226685
0.226929
0.614502
0.61499
