0,0
1,0
0.5,0
0,1
0,0.5
1,1
1,0.5
0.5,1
0.5,0.5
0.25,0
0.25,1
0.25,0.5
0.75,0
0.75,1
0.75,0.5
0,0.25
1,0.25
0.5,0.25
0,0.75
1,0.75
0.5,0.75
1,0.125
0,0.125
1,0.375
0,0.375
0.25,0.25
0.75,0.25
0.5,0.125
0.5,0.375
0.25,0.75
0.75,0.75
0,0.625
1,0.625
0.5,0.625
0,0.875
1,0.875
0.5,0.875
0.125,0
0.125,1
0.125,0.5
0.375,0
0.375,1
0.375,0.5
0.625,1
0.625,0
0.875,1
0.875,0
1,0.3125
0,0.3125
1,0.4375
0,0.4375
0.5625,0
0.5625,1
0.6875,0
0.6875,1
0.625,0.5
0.875,0.5
0.3125,0
0.3125,1
0.4375,0
0.4375,1
0.0625,0
0.0625,1
0.0625,0.5
0.1875,0
0.1875,1
0.1875,0.5
0.125,0.25
0.125,0.75
1,0.0625
0,0.0625
1,0.1875
0,0.1875
0.25,0.625
0.75,0.625
0,0.5625
1,0.5625
0.5,0.5625
0,0.6875
1,0.6875
0.5,0.6875
0.25,0.5625
0.75,0.5625
0,0.53125
1,0.53125
0.5,0.53125
0,0.59375
1,0.59375
0.5,0.59375
1,0.65625
0,0.65625
1,0.71875
0,0.71875
0.3125,0.5
0.4375,0.5
0.375,0.25
0.375,0.75
0.5,0.1875
0,0.15625
1,0.15625
0,0.21875
1,0.21875
0.5,0.0625
0,0.03125
1,0.03125
0,0.09375
1,0.09375
0.8125,1
0.8125,0
0.9375,1
0.9375,0
0.0625,0.25
0.1875,0.25
0.25,0.125
0.125,0.125
0.25,0.375
0.125,0.375
0.15625,0
0.15625,1
0.15625,0.5
0.21875,0
0.21875,1
0.21875,0.5
0.1875,0.75
0.03125,0
0.03125,1
0.03125,0.5
0.09375,0
0.09375,1
0.09375,0.5
0.0625,0.75
0.078125,1
0.078125,0
0.109375,1
0.109375,0
0.15625,0.75
0.21875,0.75
0.125,0.625
0.1875,0.625
0.25,0.875
0.125,0.875
0.1875,0.875
0.28125,0
0.28125,1
0.28125,0.5
0.34375,0
0.34375,1
0.34375,0.5
0.3125,0.25
0.3125,0.75
0.0625,0.375
0.1875,0.375
0.5,0.3125
0.25,0.3125
0.125,0.3125
0.5,0.4375
0.25,0.4375
0.125,0.4375
0.375,0.375
0.0625,0.125
0.1875,0.125
0.25,0.0625
0.125,0.0625
0.25,0.1875
0.125,0.1875
0.4375,0.75
0.375,0.625
0.375,0.875
0.15625,0.25
0.21875,0.25
0.03125,0.25
0.09375,0.25
0.5,0.09375
1,0.078125
0,0.078125
1,0.109375
0,0.109375
0.5,0.65625
0,0.640625
1,0.640625
0,0.671875
1,0.671875
0.5,0.109375
1,0.101562
0,0.101562
1,0.117188
0,0.117188
0.5,0.71875
1,0.703125
0,0.703125
1,0.734375
0,0.734375
0.25,0.09375
0.75,0.125
0.75,0.0625
0.75,0.09375
0.5,0.078125
0.3125,0.875
0.4375,0.875
0,0.8125
1,0.8125
0.5,0.8125
0.25,0.8125
0.375,0.8125
0,0.9375
1,0.9375
0.5,0.9375
0.25,0.9375
0.375,0.9375
0.3125,0.625
0.4375,0.625
0.375,0.5625
0.25,0.6875
0.375,0.6875
0.203125,0
0.203125,1
0.203125,0.5
0.203125,0.25
0.234375,0
0.234375,1
0.234375,0.5
0.234375,0.25
0.21875,0.125
0.21875,0.375
0.0625,0.0625
0.1875,0.0625
0.5,0.03125
0.25,0.03125
0.125,0.03125
0.125,0.09375
0.15625,0.125
0.1875,0.1875
0.03125,0.125
0.09375,0.125
0.0625,0.1875
0.625,0.25
0.625,0.125
0.625,0.0625
0.875,0.25
0.875,0.125
0.875,0.0625
0.75,0.03125
0.015625,0
0.015625,1
0.015625,0.5
0.015625,0.25
0.015625,0.125
0.046875,0
0.046875,1
0.046875,0.5
0.046875,0.25
0.046875,0.125
0.03125,0.0625
0.03125,0.1875
0.28125,0.75
0.28125,0.875
0.34375,0.75
0.34375,0.875
0.3125,0.8125
0.3125,0.9375
0.0625,0.09375
0.1875,0.09375
0.25,0.078125
0.125,0.078125
0.25,0.109375
0.125,0.109375
0.0625,0.03125
0.1875,0.03125
0,0.015625
1,0.015625
0.5,0.015625
0.25,0.015625
0.125,0.015625
0,0.046875
1,0.046875
0.5,0.046875
0.25,0.046875
0.125,0.046875
0.375,0.125
0.375,0.0625
0.375,0.03125
0.40625,0
0.40625,1
0.40625,0.5
0.40625,0.75
0.40625,0.875
0.46875,0
0.46875,1
0.46875,0.5
0.46875,0.75
0.46875,0.875
0.4375,0.8125
0.4375,0.9375
0.15625,0.0625
0.21875,0.0625
0.226562,1
0.226562,0
0.242188,1
0.242188,0
0.5,0.703125
0,0.695312
1,0.695312
0,0.710938
1,0.710938
0.222656,0
0.222656,1
0.230469,0
0.230469,1
0.226562,0.5
0.5,0.734375
0,0.726562
1,0.726562
0,0.742188
1,0.742188
0.40625,0.8125
0.46875,0.8125
0,0.78125
1,0.78125
0.5,0.78125
0.25,0.78125
0.375,0.78125
0.4375,0.78125
0,0.84375
1,0.84375
0.5,0.84375
0.25,0.84375
0.375,0.84375
0.4375,0.84375
0.390625,0
0.390625,1
0.421875,0
0.421875,1
0.3125,0.125
0.3125,0.0625
0.3125,0.03125
0.4375,0.25
0.4375,0.125
0.4375,0.0625
0.4375,0.03125
0.375,0.015625
0.375,0.046875
0.75,0.1875
0.375,0.1875
0.0625,0.046875
0.1875,0.046875
0,0.0390625
1,0.0390625
0.5,0.0390625
0.25,0.0390625
0.125,0.0390625
0,0.0546875
1,0.0546875
0.5,0.0546875
0.25,0.0546875
0.125,0.0546875
0.5,0.671875
0,0.664062
1,0.664062
0,0.679688
1,0.679688
0.75,0.046875
0.75,0.0390625
0,0.0351562
1,0.0351562
0.5,0.0351562
0,0.0429688
1,0.0429688
0.5,0.0429688
0.25,0.71875
0.75,0.6875
0.75,0.71875
0.625,0.1875
0.875,0.1875
0.5,0.15625
0.75,0.15625
0.5,0.21875
0.75,0.21875
0.40625,0.25
0.40625,0.125
0.40625,0.0625
0.40625,0.03125
0.46875,0.25
0.46875,0.125
0.46875,0.0625
0.46875,0.03125
0.4375,0.015625
0.4375,0.046875
0.375,0.09375
0.4375,0.09375
0.09375,0.1875
0.25,0.15625
0.125,0.15625
0.0625,0.15625
0.25,0.21875
0.125,0.21875
0.0625,0.21875
0.4375,0.375
0.28125,0.25
0.28125,0.125
0.28125,0.0625
0.28125,0.03125
0.34375,0.25
0.34375,0.125
0.34375,0.0625
0.34375,0.03125
0.3125,0.015625
0.3125,0.046875
0.3125,0.09375
0.25,0.65625
0.75,0.65625
0.5,0.640625
0.28125,0.046875
0.34375,0.046875
0.375,0.0390625
0.3125,0.0390625
0.375,0.0546875
0.3125,0.0546875
0,0.632812
1,0.632812
0,0.648438
1,0.648438
0.328125,0
0.328125,1
0.328125,0.5
0.328125,0.25
0.328125,0.125
0.328125,0.0625
0.359375,0
0.359375,1
0.359375,0.5
0.359375,0.25
0.359375,0.125
0.359375,0.0625
0.34375,0.09375
0.40625,0.375
0.46875,0.375
0.375,0.3125
0.4375,0.3125
0.375,0.4375
0.4375,0.4375
0.03125,0.21875
0.09375,0.21875
0,0.203125
1,0.203125
0.5,0.203125
0.25,0.203125
0.125,0.203125
0.0625,0.203125
0,0.234375
1,0.234375
0.5,0.234375
0.25,0.234375
0.125,0.234375
0.0625,0.234375
0.09375,0.0625
0.03125,0.15625
0.09375,0.15625
0,0.140625
1,0.140625
0.5,0.140625
0.25,0.140625
0.125,0.140625
0.0625,0.140625
0,0.171875
1,0.171875
0.5,0.171875
0.25,0.171875
0.125,0.171875
0.0625,0.171875
0.1875,0.15625
0.078125,0.5
0.078125,0.25
0.078125,0.125
0.078125,0.1875
0.109375,0.5
0.109375,0.25
0.109375,0.125
0.109375,0.1875
0.28125,0.09375
0.375,0.078125
0.3125,0.078125
0.375,0.109375
0.3125,0.109375
0.101562,0
0.101562,1
0.101562,0.5
0.101562,0.25
0.101562,0.125
0.117188,0
0.117188,1
0.117188,0.5
0.117188,0.25
0.117188,0.125
0.109375,0.0625
0.203125,0.125
0.203125,0.0625
0.234375,0.125
0.234375,0.0625
0.21875,0.03125
0.21875,0.09375
0.0703125,0
0.0703125,1
0.0703125,0.5
0.0703125,0.25
0.0703125,0.125
0.0859375,0
0.0859375,1
0.0859375,0.5
0.0859375,0.25
0.0859375,0.125
0.078125,0.0625
0.375,0.15625
0.375,0.171875
0,0.164062
1,0.164062
0.5,0.164062
0.25,0.164062
0,0.179688
1,0.179688
0.5,0.179688
0.25,0.179688
0.09375,0.75
0.109375,0.75
0.125,0.6875
0.125,0.65625
0.375,0.65625
0.25,0.640625
0.25,0.671875
0.375,0.140625
0,0.132812
1,0.132812
0.5,0.132812
0.25,0.132812
0,0.148438
1,0.148438
0.5,0.148438
0.25,0.148438
0.0625,0.078125
0.1875,0.078125
0,0.0703125
1,0.0703125
0.5,0.0703125
0.25,0.0703125
0.125,0.0703125
0,0.0859375
1,0.0859375
0.5,0.0859375
0.25,0.0859375
0.125,0.0859375
0.125,0.640625
0.375,0.640625
0.5,0.632812
0.25,0.632812
0.5,0.648438
0.25,0.648438
0.328125,0.03125
0.359375,0.03125
0.34375,0.015625
0.125,0.179688
0.375,0.179688
0,0.175781
1,0.175781
0.5,0.175781
0.25,0.175781
0,0.183594
1,0.183594
0.5,0.183594
0.25,0.183594
1,0.160156
0,0.160156
1,0.167969
0,0.167969
0.0664062,0
0.0664062,1
0.0664062,0.5
0.0664062,0.25
0.0664062,0.125
0.0742188,0
0.0742188,1
0.0742188,0.5
0.0742188,0.25
0.0742188,0.125
0.0703125,0.0625
0.0703125,0.1875
0.0820312,1
0.0820312,0
0.0898438,1
0.0898438,0
0.75,0.140625
0.75,0.132812
0,0.128906
1,0.128906
0.5,0.128906
0,0.136719
1,0.136719
0.5,0.136719
0.40625,0.09375
0.46875,0.09375
0.4375,0.078125
0.4375,0.109375
1,0.126953
0,0.126953
1,0.130859
0,0.130859
0.1875,0.21875
0.0878906,0
0.0878906,1
0.0917969,0
0.0917969,1
0.0898438,0.5
0.0664062,0.1875
0.0742188,0.1875
0.078125,0.15625
0.0703125,0.15625
0.078125,0.21875
0.0703125,0.21875
0.0664062,0.0625
0.0742188,0.0625
0.09375,0.03125
0.078125,0.03125
0.0703125,0.03125
0.09375,0.09375
0.078125,0.09375
0.0703125,0.09375
0.0625,0.625
0.0625,0.6875
0.0625,0.65625
0.1875,0.6875
0.1875,0.65625
0.125,0.671875
0.0722656,0
0.0722656,1
0.0722656,0.5
0.0722656,0.25
0.0761719,0
0.0761719,1
0.0761719,0.5
0.0761719,0.25
0.09375,0.375
0.078125,0.375
0.0703125,0.375
0.0742188,0.375
0.25,0.136719
0.75,0.136719
0,0.134766
1,0.134766
0.5,0.134766
0,0.138672
1,0.138672
0.5,0.138672
0.078125,0.75
0.0703125,0.75
0.0742188,0.75
0.220703,1
0.220703,0
0.224609,1
0.224609,0
0.222656,0.5
0.25,0.138672
0.75,0.138672
0,0.137695
1,0.137695
0.5,0.137695
0,0.139648
1,0.139648
0.5,0.139648
0.40625,0.046875
0.46875,0.046875
0.4375,0.0390625
0.4375,0.0546875
0,0.133789
1,0.133789
0,0.135742
1,0.135742
0.125,0.132812
0.125,0.136719
0.375,0.132812
0.375,0.136719
0.25,0.134766
0.0722656,0.375
0.0761719,0.375
0.0625,0.3125
0.09375,0.3125
0.078125,0.3125
0.0703125,0.3125
0.0742188,0.3125
0.0625,0.4375
0.09375,0.4375
0.078125,0.4375
0.0703125,0.4375
0.0742188,0.4375
0.0820312,0.5
0.0820312,0.25
0.0820312,0.125
0.0898438,0.25
0.0898438,0.125
0.0859375,0.0625
0.0859375,0.1875
0.109375,0.375
0.0751953,0
0.0751953,1
0.0751953,0.5
0.0751953,0.25
0.0771484,0
0.0771484,1
0.0771484,0.5
0.0771484,0.25
0.0761719,0.125
0.0761719,0.75
0.375,0.0703125
0.375,0.0859375
0.0766602,0
0.0766602,1
0.0766602,0.5
0.0766602,0.25
0.0776367,0
0.0776367,1
0.0776367,0.5
0.0776367,0.25
0.0771484,0.125
0.0771484,0.375
0.390625,0.5
0.390625,0.25
0.390625,0.125
0.390625,0.0625
0.390625,0.03125
0.421875,0.5
0.421875,0.25
0.421875,0.125
0.421875,0.0625
0.421875,0.03125
0.40625,0.015625
0.074707,0
0.074707,1
0.074707,0.5
0.074707,0.25
0.0756836,0
0.0756836,1
0.0756836,0.5
0.0756836,0.25
0.0751953,0.125
0.0751953,0.375
0.40625,0.0546875
0.46875,0.0546875
0,0.0507812
1,0.0507812
0.5,0.0507812
0.25,0.0507812
0.375,0.0507812
0.4375,0.0507812
0,0.0585938
1,0.0585938
0.5,0.0585938
0.25,0.0585938
0.375,0.0585938
0.4375,0.0585938
0.101562,0.375
0.117188,0.375
0.109375,0.3125
0.109375,0.4375
0.0820312,0.1875
0.0898438,0.1875
0.0859375,0.15625
0.0859375,0.21875
0.140625,0
0.140625,1
0.140625,0.5
0.171875,0
0.171875,1
0.171875,0.5
0.0878906,0.5
0.0878906,0.25
0.0878906,0.125
0.0878906,0.1875
0.0917969,0.5
0.0917969,0.25
0.0917969,0.125
0.0917969,0.1875
0.0898438,0.15625
0.0898438,0.21875
0.125,0.0507812
0,0.0488281
1,0.0488281
0.5,0.0488281
0.25,0.0488281
0,0.0527344
1,0.0527344
0.5,0.0527344
0.25,0.0527344
0.101562,0.3125
0.117188,0.3125
0,0.28125
1,0.28125
0.5,0.28125
0.25,0.28125
0.125,0.28125
0.0625,0.28125
0.09375,0.28125
0.109375,0.28125
0,0.34375
1,0.34375
0.5,0.34375
0.25,0.34375
0.125,0.34375
0.0625,0.34375
0.09375,0.34375
0.109375,0.34375
0.113281,0
0.113281,1
0.113281,0.5
0.113281,0.25
0.113281,0.375
0.121094,0
0.121094,1
0.121094,0.5
0.121094,0.25
0.121094,0.375
0.117188,0.4375
0.3125,0.0585938
0,0.0566406
1,0.0566406
0.5,0.0566406
0.25,0.0566406
0.375,0.0566406
0,0.0605469
1,0.0605469
0.5,0.0605469
0.25,0.0605469
0.375,0.0605469
0.75,0.0546875
0.75,0.0507812
0.40625,0.0507812
0.46875,0.0507812
0.375,0.0488281
0.4375,0.0488281
0.375,0.0527344
0.4375,0.0527344
0.453125,0
0.453125,1
0.453125,0.5
0.453125,0.25
0.453125,0.125
0.453125,0.0625
0.453125,0.03125
0.453125,0.046875
0.453125,0.0546875
0.484375,0
0.484375,1
0.484375,0.5
0.484375,0.25
0.484375,0.125
0.484375,0.0625
0.484375,0.03125
0.484375,0.046875
0.484375,0.0546875
0.46875,0.0585938
0.28125,0.0546875
0.28125,0.0585938
0.34375,0.0546875
0.34375,0.0585938
0.3125,0.0566406
0.3125,0.0605469
0.476562,0
0.476562,1
0.476562,0.5
0.476562,0.25
0.476562,0.125
0.476562,0.0625
0.476562,0.03125
0.476562,0.046875
0.492188,0
0.492188,1
0.492188,0.5
0.492188,0.25
0.492188,0.125
0.492188,0.0625
0.492188,0.03125
0.492188,0.046875
0.46875,0.0390625
0.484375,0.0390625
0,0.0556641
1,0.0556641
0,0.0576172
1,0.0576172
0.484375,0.09375
0.484375,0.375
0.164062,0
0.164062,1
0.164062,0.5
0.179688,0
0.179688,1
0.179688,0.5
0.171875,0.25
0.171875,0.75
0.132812,0
0.132812,1
0.132812,0.5
0.148438,0
0.148438,1
0.148438,0.5
0.140625,0.25
0.140625,0.75
0.445312,0
0.445312,1
0.445312,0.5
0.445312,0.25
0.445312,0.125
0.445312,0.0625
0.445312,0.03125
0.445312,0.046875
0.460938,0
0.460938,1
0.460938,0.5
0.460938,0.25
0.460938,0.125
0.460938,0.0625
0.460938,0.03125
0.460938,0.046875
0.453125,0.0390625
0.46875,0.015625
0.453125,0.015625
0.453125,0.09375
0.119141,1
0.119141,0
0.123047,1
0.123047,0
0.113281,0.4375
0.121094,0.4375
0,0.40625
1,0.40625
0.5,0.40625
0.25,0.40625
0.125,0.40625
0.0625,0.40625
0.09375,0.40625
0.109375,0.40625
0.117188,0.40625
0,0.46875
1,0.46875
0.5,0.46875
0.25,0.46875
0.125,0.46875
0.0625,0.46875
0.09375,0.46875
0.109375,0.46875
0.117188,0.46875
0.164062,0.75
0.179688,0.75
0.15625,0.625
0.171875,0.625
0.15625,0.875
0.171875,0.875
0.457031,0
0.457031,1
0.457031,0.5
0.464844,0
0.464844,1
0.464844,0.5
0.453125,0.75
0.460938,0.75
0.132812,0.25
0.148438,0.25
0.140625,0.125
0.15625,0.375
0.140625,0.375
0.160156,0
0.160156,1
0.160156,0.5
0.167969,0
0.167969,1
0.167969,0.5
0.164062,0.25
0.144531,0
0.144531,1
0.144531,0.5
0.152344,0
0.152344,1
0.152344,0.5
0.148438,0.75
0.457031,0.25
0.464844,0.25
0.453125,0.375
0.460938,0.375
0.132812,0.75
0.140625,0.625
0.140625,0.875
0.179688,0.25
0.171875,0.125
0.171875,0.375
0.164062,0.625
0.179688,0.625
0.125,0.5625
0.1875,0.5625
0.15625,0.5625
0.171875,0.5625
0.15625,0.6875
0.171875,0.6875
0.132812,0.375
0.148438,0.375
0.1875,0.3125
0.15625,0.3125
0.140625,0.3125
0.1875,0.4375
0.15625,0.4375
0.140625,0.4375
0.164062,0.375
0.179688,0.375
0.171875,0.3125
0.171875,0.4375
0.144531,0.75
0.152344,0.75
0.148438,0.625
0.148438,0.875
0.132812,0.625
0.140625,0.5625
0.140625,0.6875
0.160156,0.25
0.167969,0.25
0.164062,0.125
0.144531,0.25
0.152344,0.25
0.148438,0.125
0.160156,0.75
0.167969,0.75
0.164062,0.875
0.150391,0
0.150391,1
0.150391,0.5
0.154297,0
0.154297,1
0.154297,0.5
0.158203,0
0.158203,1
0.158203,0.5
0.162109,0
0.162109,1
0.162109,0.5
0.132812,0.3125
0.148438,0.3125
0.1875,0.28125
0.15625,0.28125
0.140625,0.28125
0.1875,0.34375
0.15625,0.34375
0.140625,0.34375
0.132812,0.6875
0.148438,0.6875
0.15625,0.65625
0.140625,0.65625
0.125,0.71875
0.1875,0.71875
0.15625,0.71875
0.140625,0.71875
0.158203,0.75
0.162109,0.75
0.160156,0.625
0.160156,0.875
0.158203,0.25
0.162109,0.25
0.160156,0.125
0.160156,0.375
0.150391,0.25
0.154297,0.25
0.152344,0.125
0.152344,0.375
0.149414,0
0.149414,1
0.149414,0.5
0.151367,0
0.151367,1
0.151367,0.5
0.150391,0.75
0.15332,0
0.15332,1
0.15332,0.5
0.155273,0
0.155273,1
0.155273,0.5
0.154297,0.75
0.152344,0.625
0.152344,0.875
0.157227,0
0.157227,1
0.157227,0.5
0.15918,0
0.15918,1
0.15918,0.5
0.161133,0
0.161133,1
0.161133,0.5
0.163086,0
0.163086,1
0.163086,0.5
0.156738,0
0.156738,1
0.156738,0.5
0.157715,0
0.157715,1
0.157715,0.5
0.157227,0.25
0.157227,0.75
0.148926,0
0.148926,1
0.148926,0.5
0.149902,0
0.149902,1
0.149902,0.5
0.149414,0.25
0.149414,0.75
0.151367,0.75
0.150391,0.625
0.150391,0.875
0.161133,0.25
0.163086,0.25
0.162109,0.125
0.162109,0.375
0.151367,0.25
0.150391,0.125
0.150391,0.375
0.161133,0.75
0.163086,0.75
0.162109,0.625
0.162109,0.875
0.150879,0
0.150879,1
0.150879,0.5
0.151855,0
0.151855,1
0.151855,0.5
0.152832,0
0.152832,1
0.152832,0.5
0.153809,0
0.153809,1
0.153809,0.5
0.15332,0.25
0.15332,0.75
0.160645,0
0.160645,1
0.160645,0.5
0.161621,0
0.161621,1
0.161621,0.5
0.158691,0
0.158691,1
0.158691,0.5
0.159668,0
0.159668,1
0.159668,0.5
0.15918,0.25
0.15918,0.75
0.158691,0.25
0.159668,0.25
0.158203,0.125
0.15918,0.125
0.158203,0.375
0.15918,0.375
0.1604,0
0.1604,1
0.1604,0.5
0.160889,0
0.160889,1
0.160889,0.5
0.160645,0.25
0.160645,0.75
0.157471,0
0.157471,1
0.157471,0.5
0.157959,0
0.157959,1
0.157959,0.5
0.157715,0.25
0.157715,0.75
0.150879,0.75
0.151855,0.75
0.151367,0.625
0.151367,0.875
0.150879,0.25
0.151855,0.25
0.151367,0.125
0.151367,0.375
0.151611,0
0.151611,1
0.151611,0.5
0.1521,0
0.1521,1
0.1521,0.5
0.153564,0
0.153564,1
0.153564,0.5
0.154053,0
0.154053,1
0.154053,0.5
0.153809,0.25
0.153809,0.75
0.161621,0.75
0.161133,0.625
0.161133,0.875
0.161621,0.25
0.161133,0.125
0.161133,0.375
0.158447,0
0.158447,1
0.158447,0.5
0.158936,0
0.158936,1
0.158936,0.5
0.158691,0.75
0.160645,0.625
0.161621,0.625
0.164062,0.5625
0.160156,0.5625
0.162109,0.5625
0.161133,0.5625
0.164062,0.6875
0.160156,0.6875
0.162109,0.6875
0.161133,0.6875
0.158325,0
0.158325,1
0.158325,0.5
0.158569,0
0.158569,1
0.158569,0.5
0.158447,0.25
0.158447,0.75
0.153564,0.75
0.154053,0.75
0.154297,0.625
0.15332,0.625
0.153809,0.625
0.154297,0.875
0.15332,0.875
0.153809,0.875
0.153931,0
0.153931,1
0.153931,0.5
0.154175,0
0.154175,1
0.154175,0.5
0.154053,0.25
0.158936,0.25
0.158691,0.125
0.158691,0.375
0.151489,0
0.151489,1
0.151489,0.5
0.151733,0
0.151733,1
0.151733,0.5
0.151611,0.25
0.151611,0.75
0.160767,0
0.160767,1
0.160767,0.5
0.161011,0
0.161011,1
0.161011,0.5
0.160889,0.25
0.160889,0.75
0.153564,0.25
0.154297,0.125
0.15332,0.125
0.153809,0.125
0.154297,0.375
0.15332,0.375
0.153809,0.375
0.158936,0.75
0.158203,0.625
0.15918,0.625
0.158691,0.625
0.158203,0.875
0.15918,0.875
0.158691,0.875
0.157349,0
0.157349,1
0.157349,0.5
0.157593,0
0.157593,1
0.157593,0.5
0.157471,0.25
0.157471,0.75
0.157349,0.25
0.157593,0.25
0.157227,0.125
0.157715,0.125
0.157471,0.125
0.157227,0.375
0.157715,0.375
0.157471,0.375
0.151489,0.25
0.151733,0.25
0.151855,0.125
0.151611,0.125
0.151855,0.375
0.151611,0.375
0.157349,0.75
0.157593,0.75
0.157227,0.625
0.157715,0.625
0.157471,0.625
0.157227,0.875
0.157715,0.875
0.157471,0.875
0.151489,0.75
0.151733,0.75
0.151855,0.625
0.151611,0.625
0.151855,0.875
0.151611,0.875
0.160767,0.25
0.161011,0.25
0.160645,0.125
0.160889,0.125
0.160645,0.375
0.160889,0.375
0.151672,0
0.151672,1
0.151672,0.5
0.151794,0
0.151794,1
0.151794,0.5
0.160767,0.75
0.161011,0.75
0.160889,0.625
0.160645,0.875
0.160889,0.875
0.15387,0
0.15387,1
0.15387,0.5
0.153992,0
0.153992,1
0.153992,0.5
0.153931,0.25
0.153931,0.75
0.160706,0
0.160706,1
0.160706,0.5
0.160828,0
0.160828,1
0.160828,0.5
0.158508,0
0.158508,1
0.158508,0.5
0.15863,0
0.15863,1
0.15863,0.5
0.158569,0.25
0.158569,0.75
0.151672,0.75
0.151794,0.75
0.151733,0.625
0.151733,0.875
0.160706,0.75
0.160828,0.75
0.160767,0.625
0.160767,0.875
0.158508,0.75
0.15863,0.75
0.158447,0.625
0.158569,0.625
0.158447,0.875
0.158569,0.875
0.15387,0.75
0.153992,0.75
0.154053,0.625
0.153931,0.625
0.154053,0.875
0.153931,0.875
0.160706,0.25
0.160828,0.25
0.160767,0.125
0.160767,0.375
0.151764,0
0.151764,1
0.151764,0.5
0.151825,0
0.151825,1
0.151825,0.5
0.151794,0.25
0.151672,0.25
0.151733,0.125
0.151733,0.375
0.160675,0
0.160675,1
0.160675,0.5
0.160736,0
0.160736,1
0.160736,0.5
0.158478,0
0.158478,1
0.158478,0.5
0.158539,0
0.158539,1
0.158539,0.5
0.158508,0.25
0.153961,0
0.153961,1
0.153961,0.5
0.154022,0
0.154022,1
0.154022,0.5
0.153992,0.25
0.153961,0.75
0.154022,0.75
0.153992,0.625
0.153992,0.875
0.15387,0.25
0.154053,0.125
0.153931,0.125
0.154053,0.375
0.153931,0.375
0.153961,0.25
0.154022,0.25
0.153992,0.125
0.153992,0.375
0.151764,0.25
0.151825,0.25
0.151794,0.125
0.151794,0.375
0.158478,0.75
0.158539,0.75
0.158508,0.625
0.158508,0.875
0.154007,0
0.154007,1
0.154007,0.5
0.154037,0
0.154037,1
0.154037,0.5
0.158463,0
0.158463,1
0.158463,0.5
0.158493,0
0.158493,1
0.158493,0.5
0.158478,0.25
0.158539,0.25
0.158447,0.125
0.158569,0.125
0.158508,0.125
0.158447,0.375
0.158569,0.375
0.158508,0.375
0.160675,0.25
0.160736,0.25
0.160706,0.125
0.160706,0.375
0.15863,0.25
0.158478,0.375
0.158539,0.375
0.164062,0.3125
0.160156,0.3125
0.158203,0.3125
0.15918,0.3125
0.158691,0.3125
0.158447,0.3125
0.158569,0.3125
0.158508,0.3125
0.164062,0.4375
0.160156,0.4375
0.158203,0.4375
0.15918,0.4375
0.158691,0.4375
0.158447,0.4375
0.158569,0.4375
0.158508,0.4375
0.160675,0.375
0.160736,0.375
0.162109,0.3125
0.161133,0.3125
0.160645,0.3125
0.160889,0.3125
0.160767,0.3125
0.160706,0.3125
0.162109,0.4375
0.161133,0.4375
0.160645,0.4375
0.160889,0.4375
0.160767,0.4375
0.160706,0.4375
0.157288,0
0.157288,1
0.157288,0.5
0.15741,0
0.15741,1
0.15741,0.5
0.161011,0.375
0.158463,0.25
0.158493,0.25
0.158478,0.125
0.154007,0.25
0.154037,0.25
0.154022,0.125
0.154022,0.375
0.160675,0.75
0.160736,0.75
0.160706,0.625
0.160706,0.875
0.158463,0.75
0.158493,0.75
0.158478,0.625
0.158478,0.875
0.151764,0.75
0.151825,0.75
0.151794,0.625
0.151794,0.875
0.154007,0.75
0.154037,0.75
0.154022,0.625
0.154022,0.875
0.15387,0.375
0.152344,0.3125
0.154297,0.3125
0.15332,0.3125
0.153809,0.3125
0.154053,0.3125
0.153931,0.3125
0.148438,0.4375
0.152344,0.4375
0.154297,0.4375
0.15332,0.4375
0.153809,0.4375
0.154053,0.4375
0.153931,0.4375
0.151672,0.625
0.148438,0.5625
0.152344,0.5625
0.150391,0.5625
0.151367,0.5625
0.151855,0.5625
0.151611,0.5625
0.151733,0.5625
0.152344,0.6875
0.150391,0.6875
0.151367,0.6875
0.151855,0.6875
0.151611,0.6875
0.151733,0.6875
0.157349,0.375
0.157593,0.375
0.157227,0.3125
0.157715,0.3125
0.157471,0.3125
0.157227,0.4375
0.157715,0.4375
0.157471,0.4375
0.153961,0.375
0.153992,0.3125
0.153992,0.4375
0.15387,0.625
0.154297,0.5625
0.15332,0.5625
0.153809,0.5625
0.154053,0.5625
0.153931,0.5625
0.154297,0.6875
0.15332,0.6875
0.153809,0.6875
0.154053,0.6875
0.153931,0.6875
0.15863,0.625
0.158203,0.5625
0.15918,0.5625
0.158691,0.5625
0.158447,0.5625
0.158569,0.5625
0.158203,0.6875
0.15918,0.6875
0.158691,0.6875
0.158447,0.6875
0.158569,0.6875
0.157379,0
0.157379,1
0.157379,0.5
0.15744,0
0.15744,1
0.15744,0.5
0.15741,0.25
0.15741,0.75
0.158463,0.625
0.158493,0.625
0.158508,0.5625
0.158478,0.5625
0.158508,0.6875
0.158478,0.6875
0.161011,0.625
0.160645,0.5625
0.160889,0.5625
0.160645,0.6875
0.160889,0.6875
0.158463,0.375
0.158493,0.375
0.158478,0.3125
0.158478,0.4375
0.160675,0.625
0.160736,0.625
0.160767,0.5625
0.160706,0.5625
0.160767,0.6875
0.160706,0.6875
0.150879,0.375
0.150391,0.3125
0.151367,0.3125
0.150391,0.4375
0.151367,0.4375
0.158539,0.625
0.158936,0.375
0.15863,0.375
0.157364,0
0.157364,1
0.157364,0.5
0.157394,0
0.157394,1
0.157394,0.5
0.157379,0.25
0.157379,0.75
0.15744,0.75
0.157349,0.625
0.15741,0.625
0.157349,0.875
0.15741,0.875
0.15744,0.25
0.157349,0.125
0.15741,0.125
0.15741,0.375
0.153961,0.625
0.153992,0.5625
0.153992,0.6875
0.150879,0.625
0.151489,0.625
0.154007,0.625
0.154037,0.625
0.154022,0.5625
0.154022,0.6875
0.157364,0.75
0.157394,0.75
0.157379,0.625
0.157379,0.875
0.161621,0.375
0.160828,0.375
0.157364,0.25
0.157394,0.25
0.157379,0.125
0.157379,0.375
0.157356,0
0.157356,1
0.157356,0.5
0.157372,0
0.157372,1
0.157372,0.5
0.15744,0.375
0.157349,0.3125
0.15741,0.3125
0.157349,0.4375
0.15741,0.4375
0.153564,0.625
0.15744,0.625
0.157227,0.5625
0.157715,0.5625
0.157471,0.5625
0.157349,0.5625
0.15741,0.5625
0.157227,0.6875
0.157715,0.6875
0.157471,0.6875
0.157349,0.6875
0.15741,0.6875
0.157593,0.625
0.157364,0.375
0.157394,0.375
0.157379,0.3125
0.157379,0.4375
0.151489,0.375
0.151855,0.3125
0.151611,0.3125
0.151855,0.4375
0.151611,0.4375
0.151764,0.375
0.151825,0.375
0.151733,0.3125
0.151794,0.3125
0.151733,0.4375
0.151794,0.4375
0.154007,0.375
0.154037,0.375
0.154022,0.3125
0.154022,0.4375
0.157356,0.75
0.157372,0.75
0.157364,0.625
0.157364,0.875
0.157356,0.25
0.157372,0.25
0.157364,0.125
0.151764,0.625
0.151825,0.625
0.151794,0.5625
0.151794,0.6875
0.157394,0.625
0.157379,0.5625
0.157379,0.6875
0.151672,0.375
0.158325,0.25
0.157288,0.75
0.160828,0.625
0.1604,0.25
0.157288,0.25
0.153564,0.375
0.158936,0.625
0.157356,0.625
0.157372,0.625
0.157364,0.5625
0.157364,0.6875
0.159668,0.75
0.157356,0.375
0.157372,0.375
0.157364,0.3125
0.157364,0.4375
0.1521,0.75
0.158325,0.75
0.1604,0.75
0.1521,0.25
0.157959,0.25
0.157959,0.75
0.154175,0.75
0.152832,0.75
0.152832,0.25
0.154175,0.25
0.15744,0.6875
0.171875,0.65625
0.164062,0.65625
0.160156,0.65625
0.158203,0.65625
0.157227,0.65625
0.157715,0.65625
0.157471,0.65625
0.157349,0.65625
0.15741,0.65625
0.171875,0.71875
0.164062,0.71875
0.160156,0.71875
0.158203,0.71875
0.157227,0.71875
0.157715,0.71875
0.157471,0.71875
0.157349,0.71875
0.15741,0.71875
0.151672,0.6875
0.148438,0.65625
0.152344,0.65625
0.150391,0.65625
0.151367,0.65625
0.151855,0.65625
0.151611,0.65625
0.151733,0.65625
0.148438,0.71875
0.152344,0.71875
0.150391,0.71875
0.151367,0.71875
0.151855,0.71875
0.151611,0.71875
0.151733,0.71875
0.158539,0.3125
0.171875,0.28125
0.164062,0.28125
0.160156,0.28125
0.158203,0.28125
0.15918,0.28125
0.158691,0.28125
0.158447,0.28125
0.158569,0.28125
0.158508,0.28125
0.171875,0.34375
0.164062,0.34375
0.160156,0.34375
0.158203,0.34375
0.15918,0.34375
0.158691,0.34375
0.158447,0.34375
0.158569,0.34375
0.158508,0.34375
0.158539,0.6875
0.15918,0.65625
0.158691,0.65625
0.158447,0.65625
0.158569,0.65625
0.158508,0.65625
0.15918,0.71875
0.158691,0.71875
0.158447,0.71875
0.158569,0.71875
0.158508,0.71875
0.151672,0.3125
0.148438,0.28125
0.152344,0.28125
0.150391,0.28125
0.151367,0.28125
0.151855,0.28125
0.151611,0.28125
0.151733,0.28125
0.148438,0.34375
0.152344,0.34375
0.150391,0.34375
0.151367,0.34375
0.151855,0.34375
0.151611,0.34375
0.151733,0.34375
0.160828,0.6875
0.162109,0.65625
0.161133,0.65625
0.160645,0.65625
0.160889,0.65625
0.160767,0.65625
0.162109,0.71875
0.161133,0.71875
0.160645,0.71875
0.160889,0.71875
0.160767,0.71875
0.154007,0.6875
0.154037,0.6875
0.154297,0.65625
0.15332,0.65625
0.153809,0.65625
0.154053,0.65625
0.153931,0.65625
0.153992,0.65625
0.154022,0.65625
0.154297,0.71875
0.15332,0.71875
0.153809,0.71875
0.154053,0.71875
0.153931,0.71875
0.153992,0.71875
0.154022,0.71875
0.157356,0.6875
0.157372,0.6875
0.157379,0.65625
0.157364,0.65625
0.157379,0.71875
0.157364,0.71875
0.150879,0.6875
0.153564,0.3125
0.154297,0.28125
0.15332,0.28125
0.153809,0.28125
0.154297,0.34375
0.15332,0.34375
0.153809,0.34375
0.15863,0.3125
0.15863,0.28125
0,0.265625
1,0.265625
0.5,0.265625
0.25,0.265625
0.125,0.265625
0.1875,0.265625
0.15625,0.265625
0.171875,0.265625
0.164062,0.265625
0.160156,0.265625
0.158203,0.265625
0.15918,0.265625
0.158691,0.265625
0.158447,0.265625
0.158569,0.265625
0,0.296875
1,0.296875
0.5,0.296875
0.25,0.296875
0.125,0.296875
0.1875,0.296875
0.15625,0.296875
0.171875,0.296875
0.164062,0.296875
0.160156,0.296875
0.158203,0.296875
0.15918,0.296875
0.158691,0.296875
0.158447,0.296875
0.158569,0.296875
0.153961,0.6875
0.153961,0.71875
0.25,0.703125
0.125,0.703125
0.1875,0.703125
0.15625,0.703125
0.140625,0.703125
0.148438,0.703125
0.152344,0.703125
0.154297,0.703125
0.15332,0.703125
0.153809,0.703125
0.154053,0.703125
0.153931,0.703125
0.153992,0.703125
0.25,0.734375
0.125,0.734375
0.1875,0.734375
0.15625,0.734375
0.140625,0.734375
0.148438,0.734375
0.152344,0.734375
0.154297,0.734375
0.15332,0.734375
0.153809,0.734375
0.154053,0.734375
0.153931,0.734375
0.153992,0.734375
0.151489,0.6875
0.151489,0.71875
0.150391,0.703125
0.151367,0.703125
0.151855,0.703125
0.151611,0.703125
0.150391,0.734375
0.151367,0.734375
0.151855,0.734375
0.151611,0.734375
0.150879,0.3125
0.150879,0.28125
0.140625,0.265625
0.148438,0.265625
0.152344,0.265625
0.150391,0.265625
0.151367,0.265625
0.140625,0.296875
0.148438,0.296875
0.152344,0.296875
0.150391,0.296875
0.151367,0.296875
0.15744,0.71875
0.171875,0.703125
0.164062,0.703125
0.160156,0.703125
0.158203,0.703125
0.157227,0.703125
0.157715,0.703125
0.157471,0.703125
0.157349,0.703125
0.15741,0.703125
0.171875,0.734375
0.164062,0.734375
0.160156,0.734375
0.158203,0.734375
0.157227,0.734375
0.157715,0.734375
0.157471,0.734375
0.157349,0.734375
0.15741,0.734375
0.157593,0.6875
0.157593,0.71875
0.1604,0.625
0.1604,0.6875
0.1604,0.71875
0.162109,0.703125
0.161133,0.703125
0.160645,0.703125
0.162109,0.734375
0.161133,0.734375
0.160645,0.734375
0.157356,0.71875
0.157372,0.71875
0.157379,0.703125
0.157364,0.703125
0.157379,0.734375
0.157364,0.734375
0.151489,0.3125
0.151489,0.28125
0.151855,0.265625
0.151611,0.265625
0.151855,0.296875
0.151611,0.296875
0.158478,0.28125
0.158539,0.28125
0.158508,0.265625
0.158508,0.296875
0.15863,0.6875
0.15863,0.71875
0.15918,0.703125
0.158691,0.703125
0.158447,0.703125
0.158569,0.703125
0.15918,0.734375
0.158691,0.734375
0.158447,0.734375
0.158569,0.734375
0.153564,0.6875
0.153564,0.71875
0.158463,0.3125
0.158463,0.28125
0.158493,0.3125
0.158493,0.28125
0.158478,0.265625
0.158478,0.296875
0.158936,0.6875
0.158936,0.71875
0.154007,0.71875
0.154037,0.71875
0.154022,0.703125
0.154022,0.734375
0.160278,0
0.160278,1
0.160278,0.5
0.160278,0.75
0.160278,0.625
0.160278,0.6875
0.160278,0.71875
0.160522,0
0.160522,1
0.160522,0.5
0.160522,0.75
0.160522,0.625
0.160522,0.6875
0.160522,0.71875
0.1604,0.703125
0.1604,0.734375
0.161621,0.6875
0.161621,0.71875
0.161621,0.734375
0.5,0.726562
0.25,0.726562
0.125,0.726562
0.1875,0.726562
0.15625,0.726562
0.171875,0.726562
0.164062,0.726562
0.160156,0.726562
0.162109,0.726562
0.161133,0.726562
0.5,0.742188
0.25,0.742188
0.125,0.742188
0.1875,0.742188
0.15625,0.742188
0.171875,0.742188
0.164062,0.742188
0.160156,0.742188
0.162109,0.742188
0.161133,0.742188
0.158936,0.3125
0.158936,0.28125
0.151672,0.71875
0.151794,0.71875
0.151733,0.703125
0.151733,0.734375
0.160889,0.734375
0.160645,0.726562
0.160645,0.742188
0.153564,0.28125
0.154053,0.28125
0.154297,0.265625
0.15332,0.265625
0.153809,0.265625
0.154297,0.296875
0.15332,0.296875
0.153809,0.296875
0.158478,0.71875
0.158539,0.71875
0.158508,0.703125
0.158508,0.734375
0.160767,0.734375
0.161011,0.6875
0.161011,0.71875
0.161011,0.734375
0.160889,0.726562
0.160889,0.742188
0.15387,0.6875
0.15387,0.71875
0.150879,0.71875
0.160217,0
0.160217,1
0.160217,0.5
0.160217,0.75
0.160217,0.625
0.160217,0.6875
0.160217,0.71875
0.160339,0
0.160339,1
0.160339,0.5
0.160339,0.75
0.160339,0.625
0.160339,0.6875
0.160339,0.71875
0.160278,0.703125
0.160278,0.734375
0.160522,0.734375
0.1604,0.726562
0.1604,0.742188
0.151764,0.6875
0.151764,0.71875
0.151825,0.6875
0.151825,0.71875
0.151794,0.703125
0.151794,0.734375
0.151672,0.28125
0.151794,0.28125
0.151733,0.265625
0.151733,0.296875
0.157394,0.6875
0.157394,0.71875
0.160309,0
0.160309,1
0.160309,0.5
0.160309,0.75
0.160309,0.625
0.160309,0.6875
0.16037,0
0.16037,1
0.16037,0.5
0.16037,0.75
0.16037,0.625
0.16037,0.6875
0.1604,0.65625
0.160278,0.65625
0.160339,0.65625
0.1604,0.5625
0.160278,0.5625
0.160339,0.5625
0.160217,0.703125
0.160339,0.703125
0.5,0.695312
0.25,0.695312
0.125,0.695312
0.1875,0.695312
0.15625,0.695312
0.171875,0.695312
0.164062,0.695312
0.160156,0.695312
0.162109,0.695312
0.161133,0.695312
0.160645,0.695312
0.1604,0.695312
0.160278,0.695312
0.5,0.710938
0.25,0.710938
0.125,0.710938
0.1875,0.710938
0.15625,0.710938
0.171875,0.710938
0.164062,0.710938
0.160156,0.710938
0.162109,0.710938
0.161133,0.710938
0.160645,0.710938
0.1604,0.710938
0.160278,0.710938
0.160706,0.71875
0.160706,0.734375
0.160828,0.71875
0.160828,0.734375
0.160767,0.726562
0.160767,0.742188
0.16095,0
0.16095,1
0.16095,0.5
0.16095,0.75
0.16095,0.625
0.16095,0.6875
0.16095,0.71875
0.16095,0.734375
0.161072,0
0.161072,1
0.161072,0.5
0.161072,0.75
0.161072,0.625
0.161072,0.6875
0.161072,0.71875
0.161072,0.734375
0.161011,0.726562
0.161011,0.742188
0.1604,0.875
0.160278,0.875
0.160339,0.875
0.160187,0
0.160187,1
0.160187,0.5
0.160187,0.75
0.160187,0.625
0.160187,0.6875
0.160187,0.71875
0.160248,0
0.160248,1
0.160248,0.5
0.160248,0.75
0.160248,0.625
0.160248,0.6875
0.160248,0.71875
0.160217,0.734375
0.160889,0.703125
0.161011,0.703125
0.160339,0.734375
0.160278,0.726562
0.160278,0.742188
0.160278,0.25
0.160339,0.25
0.160675,0.6875
0.160675,0.71875
0.160675,0.734375
0.160736,0.6875
0.160736,0.71875
0.160736,0.734375
0.160706,0.726562
0.160706,0.742188
0.160919,0
0.160919,1
0.160919,0.5
0.160919,0.75
0.160919,0.625
0.160919,0.6875
0.160919,0.71875
0.160919,0.734375
0.16098,0
0.16098,1
0.16098,0.5
0.16098,0.75
0.16098,0.625
0.16098,0.6875
0.16098,0.71875
0.16098,0.734375
0.16095,0.726562
0.16095,0.742188
0.160233,0
0.160233,1
0.160233,0.5
0.160263,0
0.160263,1
0.160263,0.5
0.160217,0.25
0.160248,0.25
0.160294,0
0.160294,1
0.160294,0.5
0.160324,0
0.160324,1
0.160324,0.5
0.160309,0.25
0.16095,0.25
0.160187,0.703125
0.160248,0.703125
0.160217,0.695312
0.160217,0.710938
0.161041,0
0.161041,1
0.161041,0.5
0.161041,0.75
0.161041,0.625
0.161041,0.6875
0.161041,0.71875
0.161102,0
0.161102,1
0.161102,0.5
0.161102,0.75
0.161102,0.625
0.161102,0.6875
0.161102,0.71875
0.161072,0.703125
0.16037,0.25
0.1604,0.125
0.160278,0.125
0.160339,0.125
0.1604,0.375
0.160278,0.375
0.160339,0.375
0.161041,0.734375
0.161102,0.734375
0.161072,0.726562
0.161072,0.742188
0.160187,0.734375
0.160248,0.734375
0.160217,0.726562
0.160217,0.742188
0.160309,0.375
0.16037,0.375
0.1604,0.3125
0.160278,0.3125
0.160339,0.3125
0.1604,0.4375
0.160278,0.4375
0.160339,0.4375
0.160339,0.710938
0,0.707031
1,0.707031
0.5,0.707031
0.25,0.707031
0.125,0.707031
0.1875,0.707031
0.15625,0.707031
0.171875,0.707031
0.164062,0.707031
0.160156,0.707031
0.162109,0.707031
0.161133,0.707031
0.160645,0.707031
0.1604,0.707031
0.160278,0.707031
0,0.714844
1,0.714844
0.5,0.714844
0.25,0.714844
0.125,0.714844
0.1875,0.714844
0.15625,0.714844
0.171875,0.714844
0.164062,0.714844
0.160156,0.714844
0.162109,0.714844
0.161133,0.714844
0.160645,0.714844
0.1604,0.714844
0.160278,0.714844
0.160286,0
0.160286,1
0.160286,0.5
0.160301,0
0.160301,1
0.160301,0.5
0.160294,0.25
0.160294,0.75
0.160965,0
0.160965,1
0.160965,0.5
0.160965,0.75
0.160965,0.625
0.160965,0.6875
0.160965,0.71875
0.160965,0.734375
0.160995,0
0.160995,1
0.160995,0.5
0.160995,0.75
0.160995,0.625
0.160995,0.6875
0.160995,0.71875
0.160995,0.734375
0.16098,0.726562
0.16098,0.742188
0.160172,0
0.160172,1
0.160172,0.5
0.160172,0.75
0.160172,0.625
0.160172,0.6875
0.160172,0.71875
0.160172,0.734375
0.160202,0
0.160202,1
0.160202,0.5
0.160202,0.75
0.160202,0.625
0.160202,0.6875
0.160202,0.71875
0.160202,0.734375
0.160187,0.726562
0.160187,0.742188
0.16066,0
0.16066,1
0.16066,0.5
0.16066,0.75
0.16066,0.625
0.16066,0.6875
0.16066,0.71875
0.16069,0
0.16069,1
0.16069,0.5
0.16069,0.75
0.16069,0.625
0.16069,0.6875
0.16069,0.71875
0.160767,0.703125
0.160706,0.703125
0.160675,0.703125
0.160904,0
0.160904,1
0.160904,0.5
0.160904,0.75
0.160904,0.625
0.160904,0.6875
0.160904,0.71875
0.160934,0
0.160934,1
0.160934,0.5
0.160934,0.75
0.160934,0.625
0.160934,0.6875
0.160934,0.71875
0.16095,0.703125
0.160919,0.703125
0.16066,0.734375
0.16069,0.734375
0.160675,0.726562
0.160675,0.742188
0.16098,0.25
0.161087,0
0.161087,1
0.161087,0.5
0.161087,0.75
0.161087,0.625
0.161087,0.6875
0.161087,0.71875
0.161118,0
0.161118,1
0.161118,0.5
0.161118,0.75
0.161118,0.625
0.161118,0.6875
0.161118,0.71875
0.161102,0.703125
0.160927,0
0.160927,1
0.160927,0.5
0.160942,0
0.160942,1
0.160942,0.5
0.160919,0.25
0.160934,0.25
0.161079,0
0.161079,1
0.161079,0.5
0.161079,0.75
0.161079,0.625
0.161079,0.6875
0.161079,0.71875
0.161095,0
0.161095,1
0.161095,0.5
0.161095,0.75
0.161095,0.625
0.161095,0.6875
0.161095,0.71875
0.161087,0.703125
0.161087,0.734375
0.16111,0
0.16111,1
0.16111,0.5
0.16111,0.75
0.16111,0.625
0.16111,0.6875
0.16111,0.71875
0.161125,0
0.161125,1
0.161125,0.5
0.161125,0.75
0.161125,0.625
0.161125,0.6875
0.161125,0.71875
0.161118,0.703125
0.161118,0.734375
0.161011,0.875
0.161072,0.875
0.161102,0.875
0.161087,0.875
0.160652,0
0.160652,1
0.160652,0.5
0.160652,0.75
0.160652,0.625
0.160652,0.6875
0.160652,0.71875
0.160652,0.734375
0.160667,0
0.160667,1
0.160667,0.5
0.160667,0.75
0.160667,0.625
0.160667,0.6875
0.160667,0.71875
0.160667,0.734375
0.16066,0.726562
0.16066,0.742188
0.160896,0
0.160896,1
0.160896,0.5
0.160896,0.75
0.160896,0.625
0.160896,0.6875
0.160896,0.71875
0.160912,0
0.160912,1
0.160912,0.5
0.160912,0.75
0.160912,0.625
0.160912,0.6875
0.160912,0.71875
0.160904,0.703125
0.160904,0.734375
0.160194,0
0.160194,1
0.160194,0.5
0.160194,0.75
0.160194,0.625
0.160194,0.6875
0.160194,0.71875
0.160194,0.734375
0.16021,0
0.16021,1
0.16021,0.5
0.16021,0.75
0.16021,0.625
0.16021,0.6875
0.16021,0.71875
0.16021,0.734375
0.160202,0.726562
0.160202,0.742188
0.160202,0.703125
0.16066,0.703125
0.161072,0.25
0.161102,0.25
0.161087,0.25
0.160194,0.703125
0.16021,0.703125
0.160187,0.695312
0.160202,0.695312
0.160187,0.710938
0.160202,0.710938
0.160191,0
0.160191,1
0.160191,0.5
0.160191,0.75
0.160191,0.625
0.160191,0.6875
0.160191,0.71875
0.160191,0.734375
0.160198,0
0.160198,1
0.160198,0.5
0.160198,0.75
0.160198,0.625
0.160198,0.6875
0.160198,0.71875
0.160198,0.734375
0.160194,0.726562
0.160194,0.742188
0.16111,0.734375
0.161125,0.734375
0.161102,0.726562
0.161118,0.726562
0.161102,0.742188
0.161118,0.742188
0.160648,0
0.160648,1
0.160648,0.5
0.160648,0.75
0.160648,0.625
0.160648,0.6875
0.160648,0.71875
0.160648,0.734375
0.160656,0
0.160656,1
0.160656,0.5
0.160656,0.75
0.160656,0.625
0.160656,0.6875
0.160656,0.71875
0.160656,0.734375
0.160652,0.726562
0.160652,0.742188
0.160652,0.703125
0.160206,0
0.160206,1
0.160206,0.5
0.160206,0.75
0.160206,0.625
0.160206,0.6875
0.160206,0.71875
0.160213,0
0.160213,1
0.160213,0.5
0.160213,0.75
0.160213,0.625
0.160213,0.6875
0.160213,0.71875
0.160206,0.734375
0.160213,0.734375
0.16021,0.726562
0.16021,0.742188
0.161079,0.25
0.161095,0.25
0.161011,0.125
0.161072,0.125
0.161102,0.125
0.161087,0.125
0.161072,0.375
0.161102,0.375
0.161087,0.375
0.160896,0.734375
0.160912,0.734375
0.160919,0.726562
0.160904,0.726562
0.160919,0.742188
0.160904,0.742188
0.160896,0.703125
0.160912,0.703125
0.160889,0.695312
0.161011,0.695312
0.16095,0.695312
0.160919,0.695312
0.160904,0.695312
0.160889,0.710938
0.161011,0.710938
0.16095,0.710938
0.160919,0.710938
0.160904,0.710938
0.160189,0
0.160189,1
0.160189,0.5
0.160189,0.75
0.160189,0.625
0.160189,0.6875
0.160189,0.71875
0.160189,0.734375
0.160192,0
0.160192,1
0.160192,0.5
0.160192,0.75
0.160192,0.625
0.160192,0.6875
0.160192,0.71875
0.160192,0.734375
0.160191,0.726562
0.160191,0.742188
0.160646,0
0.160646,1
0.160646,0.5
0.160646,0.75
0.160646,0.625
0.160646,0.6875
0.160646,0.71875
0.160646,0.734375
0.16065,0
0.16065,1
0.16065,0.5
0.16065,0.75
0.16065,0.625
0.16065,0.6875
0.16065,0.71875
0.16065,0.734375
0.160648,0.726562
0.160648,0.742188
0.160212,0
0.160212,1
0.160212,0.5
0.160212,0.75
0.160212,0.625
0.160212,0.6875
0.160212,0.71875
0.160212,0.734375
0.160215,0
0.160215,1
0.160215,0.5
0.160215,0.75
0.160215,0.625
0.160215,0.6875
0.160215,0.71875
0.160215,0.734375
0.160213,0.726562
0.160213,0.742188
0.160206,0.703125
0.160213,0.703125
0.16021,0.695312
0.16021,0.710938
0.160648,0.703125
0.160204,0
0.160204,1
0.160204,0.5
0.160204,0.75
0.160204,0.625
0.160204,0.6875
0.160204,0.71875
0.160204,0.734375
0.160208,0
0.160208,1
0.160208,0.5
0.160208,0.75
0.160208,0.625
0.160208,0.6875
0.160208,0.71875
0.160208,0.734375
0.160206,0.726562
0.160206,0.742188
0.160191,0.703125
0.160988,0
0.160988,1
0.160988,0.5
0.161003,0
0.161003,1
0.161003,0.5
0.160995,0.25
0.160908,0
0.160908,1
0.160908,0.5
0.160915,0
0.160915,1
0.160915,0.5
0.160904,0.25
0.160912,0.25
0.160204,0.703125
0.160208,0.703125
0.160206,0.695312
0.160206,0.710938
0.160645,0
0.160645,1
0.160645,0.5
0.160645,0.75
0.160645,0.625
0.160645,0.6875
0.160645,0.71875
0.160645,0.734375
0.160647,0
0.160647,1
0.160647,0.5
0.160647,0.75
0.160647,0.625
0.160647,0.6875
0.160647,0.71875
0.160647,0.734375
0.160646,0.726562
0.160646,0.742188
0.160646,0.703125
0.160667,0.703125
0.160767,0.695312
0.160706,0.695312
0.160675,0.695312
0.16066,0.695312
0.160767,0.710938
0.160706,0.710938
0.160675,0.710938
0.16066,0.710938
0.160214,0
0.160214,1
0.160214,0.5
0.160214,0.75
0.160214,0.625
0.160214,0.6875
0.160214,0.71875
0.160214,0.734375
0.160216,0
0.160216,1
0.160216,0.5
0.160216,0.75
0.160216,0.625
0.160216,0.6875
0.160216,0.71875
0.160216,0.734375
0.160215,0.726562
0.160215,0.742188
0.160203,0
0.160203,1
0.160203,0.5
0.160203,0.75
0.160203,0.625
0.160203,0.6875
0.160203,0.71875
0.160205,0
0.160205,1
0.160205,0.5
0.160205,0.75
0.160205,0.625
0.160205,0.6875
0.160205,0.71875
0.160215,0.703125
0.160203,0.734375
0.160205,0.734375
0.160204,0.726562
0.160204,0.742188
0.160647,0
0.160647,1
0.160647,0.5
0.160647,0.75
0.160647,0.625
0.160647,0.6875
0.160647,0.71875
0.160647,0.734375
0.160648,0
0.160648,1
0.160648,0.5
0.160648,0.75
0.160648,0.625
0.160648,0.6875
0.160648,0.71875
0.160648,0.734375
0.160647,0.726562
0.160647,0.742188
0.160216,0
0.160216,1
0.160216,0.5
0.160216,0.75
0.160216,0.625
0.160216,0.6875
0.160216,0.71875
0.160216,0.734375
0.160217,0
0.160217,1
0.160217,0.5
0.160217,0.75
0.160217,0.625
0.160217,0.6875
0.160217,0.71875
0.160217,0.734375
0.160216,0.726562
0.160216,0.742188
0.160204,0
0.160204,1
0.160205,0
0.160205,1
0.160645,0
0.160645,1
0.160645,0.5
0.160645,0.75
0.160645,0.625
0.160645,0.6875
0.160645,0.71875
0.160645,0.734375
0.160646,0
0.160646,1
0.160646,0.5
0.160646,0.75
0.160646,0.625
0.160646,0.6875
0.160646,0.71875
0.160646,0.734375
0.160645,0.726562
0.160645,0.742188
0.160203,0
0.160203,1
0.160203,0.5
0.160203,0.75
0.160203,0.625
0.160203,0.6875
0.160203,0.71875
0.160203,0
0.160203,1
0.160203,0.5
0.160203,0.75
0.160203,0.625
0.160203,0.6875
0.160203,0.71875
0.160203,0.703125
0.160645,0.703125
0.160204,0.5
0.160205,0.5
0.160187,0.25
0.160202,0.25
0.16021,0.25
0.160206,0.25
0.160204,0.25
0.160205,0.25
0.160203,0.734375
0.160203,0.734375
0.160203,0.726562
0.160203,0.742188
0.160216,0.703125
0.160202,0
0.160202,1
0.160202,0.5
0.160202,0.75
0.160202,0.625
0.160202,0.6875
0.160202,0.71875
0.160202,0.734375
0.160203,0
0.160203,1
0.160203,0.5
0.160203,0.75
0.160203,0.625
0.160203,0.6875
0.160203,0.71875
0.160203,0.734375
0.160203,0.726562
0.160203,0.742188
0.160647,1
0.160647,0
0.160647,1
0.160647,0
0.160216,0
0.160216,1
0.160216,0
0.160216,1
0.160217,0
0.160217,1
0.160217,0.5
0.160217,0.75
0.160217,0.625
0.160217,0.6875
0.160217,0.71875
0.160217,0
0.160217,1
0.160217,0.5
0.160217,0.75
0.160217,0.625
0.160217,0.6875
0.160217,0.71875
0.160217,0.703125
0.160648,0
0.160648,1
0.160648,0.5
0.160648,0.75
0.160648,0.625
0.160648,0.6875
0.160648,0.71875
0.160648,0.734375
0.160648,0
0.160648,1
0.160648,0.5
0.160648,0.75
0.160648,0.625
0.160648,0.6875
0.160648,0.71875
0.160648,0.734375
0.160648,0.726562
0.160648,0.742188
0.160647,0.703125
0.160648,0.703125
0.160203,0.703125
0.160645,0
0.160645,1
0.160645,0.5
0.160645,0.75
0.160645,0.625
0.160645,0.6875
0.160645,0.71875
0.160645,0
0.160645,1
0.160645,0.5
0.160645,0.75
0.160645,0.625
0.160645,0.6875
0.160645,0.71875
0.160645,0.703125
0.160216,1
0.160216,0
0.160216,1
0.160216,0
0.160216,0.5
0.160645,0
0.160645,1
0.160645,0.5
0.160645,0.75
0.160645,0.625
0.160645,0.6875
0.160645,0.71875
0.160645,0
0.160645,1
0.160645,0.5
0.160645,0.75
0.160645,0.625
0.160645,0.6875
0.160645,0.71875
0.160645,0.703125
0.160645,0.734375
0.160648,0.703125
0.160648,0.703125
0.160652,0.695312
0.160648,0.695312
0.160646,0.695312
0.160647,0.695312
0.160648,0.695312
0.160652,0.710938
0.160648,0.710938
0.160646,0.710938
0.160647,0.710938
0.160648,0.710938
0.160217,0
0.160217,1
0.160217,0.5
0.160217,0.75
0.160217,0.625
0.160217,0.6875
0.160217,0.71875
0.160217,0
0.160217,1
0.160217,0.5
0.160217,0.75
0.160217,0.625
0.160217,0.6875
0.160217,0.71875
0.160217,0.703125
0.160217,0.734375
0.160202,0
0.160202,1
0.160202,0.5
0.160202,0.75
0.160202,0.625
0.160202,0.6875
0.160202,0.71875
0.160202,0
0.160202,1
0.160202,0.5
0.160202,0.75
0.160202,0.625
0.160202,0.6875
0.160202,0.71875
0.160202,0.703125
0.160647,0
0.160647,1
0.160647,0
0.160647,1
0.160647,0.5
0.160648,0
0.160648,1
0.160648,0.5
0.160648,0.75
0.160648,0.625
0.160648,0.6875
0.160648,0.71875
0.160648,0.734375
0.160648,0
0.160648,1
0.160648,0.5
0.160648,0.75
0.160648,0.625
0.160648,0.6875
0.160648,0.71875
0.160648,0.734375
0.160648,0.726562
0.160648,0.742188
0.160202,0.734375
0.160202,0.734375
0.160202,0.726562
0.160202,0.742188
0.160645,0
0.160645,1
0.160645,0.5
0.160645,0.75
0.160645,0.625
0.160645,0.6875
0.160645,0.71875
0.160645,0
0.160645,1
0.160645,0.5
0.160645,0.75
0.160645,0.625
0.160645,0.6875
0.160645,0.71875
0.160645,0.703125
0.160645,0.734375
0.160648,0.703125
0.160648,0.703125
0.160648,0.695312
0.160648,0.710938
0.160647,0.5
0.160647,0.5
0.16066,0.25
0.160652,0.25
0.160648,0.25
0.160646,0.25
0.160647,0.25
0.160647,0.25
0.160647,0.25
0.160647,0.75
0.160648,0
0.160648,1
0.160648,0.5
0.160648,0.75
0.160648,0.625
0.160648,0.6875
0.160648,0.71875
0.160648,0.734375
0.160648,0
0.160648,1
0.160648,0.5
0.160648,0.75
0.160648,0.625
0.160648,0.6875
0.160648,0.71875
0.160648,0.734375
0.160648,0.726562
0.160648,0.742188
0.160217,0
0.160217,1
0.160217,0.5
0.160217,0.75
0.160217,0.625
0.160217,0.6875
0.160217,0.71875
0.160217,0
0.160217,1
0.160217,0.5
0.160217,0.75
0.160217,0.625
0.160217,0.6875
0.160217,0.71875
0.160217,0.703125
0.160217,0.734375
0.160216,1
0.160216,0
0.160216,1
0.160216,0
0.160216,0.5
0.160647,0
0.160647,1
0.160647,0
0.160647,1
0.160215,0
0.160215,1
0.160216,0
0.160216,1
0.160216,0.5
0.160648,0
0.160648,1
0.160648,0.5
0.160648,0.75
0.160648,0.625
0.160648,0.6875
0.160648,0.71875
0.160648,0
0.160648,1
0.160648,0.5
0.160648,0.75
0.160648,0.625
0.160648,0.6875
0.160648,0.71875
0.160648,0.703125
0.160216,0.5
0.160213,0.25
0.160215,0.25
0.160216,0.25
0.160216,0.25
0.160216,0.25
0.160216,0.75
0.160647,0
0.160647,1
0.160647,0
0.160647,1
0.160647,0.5
0.160216,1
0.160216,0
0.160216,1
0.160216,0
0.160216,0.5
0.160216,0.5
0.160216,0.25
0.160216,0.75
0.160648,0.703125
0.160648,0.695312
0.160648,0.710938
0.160645,0
0.160645,1
0.160645,0
0.160645,1
0.160647,0.5
0.160647,0.25
0.160647,0.75
0.160645,1
0.160645,0
0.160645,1
0.160645,0
0.160217,0
0.160217,1
0.160217,0.5
0.160217,0.75
0.160217,0.625
0.160217,0.6875
0.160217,0.71875
0.160217,0
0.160217,1
0.160217,0.5
0.160217,0.75
0.160217,0.625
0.160217,0.6875
0.160217,0.71875
0.160217,0.703125
0.160217,0.734375
0.160647,1
0.160647,0
0.160647,1
0.160647,0
0.160215,0.5
0.160216,0.5
0.160216,0.25
0.160216,0.75
0.160645,0
0.160645,1
0.160645,0
0.160645,1
0.160645,0.5
0.160648,1
0.160648,0
0.160648,1
0.160648,0
0.160647,1
0.160647,0
0.160647,1
0.160647,0
0.160647,0.5
0.160645,1
0.160645,0
0.160645,1
0.160645,0
0.160645,0.5
0.160647,0.5
0.160647,0.5
0.160647,0.25
0.160647,0.75
0.160647,1
0.160647,0
0.160647,1
0.160647,0
0.160647,0.5
0.160648,1
0.160648,0
0.160648,1
0.160648,0
0.160648,0.5
0.160648,0
0.160648,1
0.160648,0.5
0.160648,0.75
0.160648,0.625
0.160648,0.6875
0.160648,0.71875
0.160648,0
0.160648,1
0.160648,0.5
0.160648,0.75
0.160648,0.625
0.160648,0.6875
0.160648,0.71875
0.160648,0.703125
0.160648,0.734375
0.160648,1
0.160648,0
0.160648,1
0.160648,0
0.160648,0.5
0.160645,0.5
0.160645,0.5
0.160645,0.25
0.160645,0.25
0.160645,0.25
0.160645,0.25
0.160645,0.25
0.160645,0.25
0.160645,0.75
0.160647,0
0.160647,1
0.160647,0.5
0.160647,0
0.160647,1
0.160647,0.5
0.160647,0.25
0.160647,0.75
0.160217,0
0.160217,1
0.160217,0
0.160217,1
0.160645,0.5
0.160202,0
0.160202,1
0.160202,0.5
0.160202,0.75
0.160202,0.625
0.160202,0.6875
0.160202,0.71875
0.160202,0
0.160202,1
0.160202,0.5
0.160202,0.75
0.160202,0.625
0.160202,0.6875
0.160202,0.71875
0.160202,0.703125
0.160648,1
0.160648,0
0.160648,1
0.160648,0
0.160648,0.5
0.160647,1
0.160647,0
0.160647,1
0.160647,0
0.160647,0.5
0.160647,0.5
0.160647,0.25
0.160647,0.75
0.160645,0
0.160645,1
0.160645,0
0.160645,1
0.160645,0.5
0.160647,1
0.160647,0
0.160647,1
0.160647,0
0.160217,1
0.160217,0
0.160217,1
0.160217,0
0.160217,0.5
0.160648,0.5
0.160648,0.5
0.160648,0.25
0.160648,0.25
0.160648,0.25
0.160648,0.25
0.160648,0.25
0.160648,0.25
0.160648,0.75
0.160648,0
0.160648,1
0.160648,0.5
0.160648,0.75
0.160648,0.625
0.160648,0.6875
0.160648,0.71875
0.160648,0
0.160648,1
0.160648,0.5
0.160648,0.75
0.160648,0.625
0.160648,0.6875
0.160648,0.71875
0.160648,0.703125
0.160648,0.734375
0.160202,0
0.160202,1
0.160202,0.5
0.160202,0.75
0.160202,0.625
0.160202,0.6875
0.160202,0.71875
0.160202,0
0.160202,1
0.160202,0.5
0.160202,0.75
0.160202,0.625
0.160202,0.6875
0.160202,0.71875
0.160202,0.703125
0.160645,0.75
0.160645,0.625
0.160645,0.6875
0.160645,0.71875
0.160645,0.5
0.160645,0.75
0.160645,0.625
0.160645,0.6875
0.160645,0.71875
0.160645,0.703125
0.160645,0.734375
0.160647,0
0.160647,1
0.160647,0.5
0.160647,0
0.160647,1
0.160647,0.5
0.160647,0.25
0.160647,0.75
0.160217,0.5
0.160217,0.5
0.160217,0.25
0.160217,0.25
0.160217,0.25
0.160217,0.25
0.160217,0.25
0.160217,0.25
0.160217,0.75
0.160217,0
0.160217,1
0.160217,0
0.160217,1
0.160647,1
0.160647,0
0.160647,1
0.160647,0
0.160647,0.5
0.160217,1
0.160217,0
0.160217,1
0.160217,0
0.160217,0.5
0.160647,1
0.160647,0
0.160647,1
0.160647,0
0.160647,0.5
0.160217,1
0.160217,0
0.160217,1
0.160217,0
0.160217,0.5
0.160648,0.5
0.160648,0.25
0.160648,0.75
0.160647,0.5
0.160647,0.5
0.160647,0.25
0.160647,0.25
0.160647,0.75
0.160647,0.75
0.160647,0
0.160647,1
0.160647,0.5
0.160647,0
0.160647,1
0.160647,0.5
0.160647,0.25
0.160647,0.75
0.160217,0.5
0.160217,0.25
0.160217,0.75
0.160217,0.5
0.160217,0.5
0.160217,0.25
0.160217,0.75
0.160202,0
0.160202,1
0.160202,0.5
0.160202,0.75
0.160202,0.625
0.160202,0.6875
0.160202,0.71875
0.160202,0
0.160202,1
0.160202,0.5
0.160202,0.75
0.160202,0.625
0.160202,0.6875
0.160202,0.71875
0.160202,0.703125
0.160202,0.734375
0.160647,0
0.160647,1
0.160647,0
0.160647,1
0.160647,0.5
0.160647,0.5
0.160647,0.25
0.160647,0.75
0.160217,0.75
0.160217,0.625
0.160217,0.625
0.160217,0.875
0.160187,0.875
0.160202,0.875
0.16021,0.875
0.160213,0.875
0.160215,0.875
0.160216,0.875
0.160217,0.875
0.160217,0.875
0.160217,0.875
0.160217,0.875
0.160217,0.875
0.160217,0.875
0.160217,0.875
0.160647,1
0.160647,0
0.160647,1
0.160647,0
0.160647,0.5
0.160647,0.5
0.160647,0.25
0.160647,0.75
0.160217,0.25
0.160217,0.125
0.160187,0.125
0.160202,0.125
0.16021,0.125
0.160213,0.125
0.160215,0.125
0.160216,0.125
0.160217,0.125
0.160217,0.125
0.160217,0.125
0.160217,0.125
0.160217,0.125
0.160217,0.125
0.160217,0.125
0.160217,0.375
0.160187,0.375
0.160202,0.375
0.16021,0.375
0.160213,0.375
0.160215,0.375
0.160216,0.375
0.160217,0.375
0.160217,0.375
0.160217,0.375
0.160217,0.375
0.160217,0.375
0.160217,0.375
0.160217,0.375
0.160647,1
0.160647,0
0.160647,1
0.160647,0
0.160202,0
0.160202,1
0.160202,0.5
0.160202,0.75
0.160202,0.625
0.160202,0.6875
0.160202,0.71875
0.160202,0
0.160202,1
0.160202,0.5
0.160202,0.75
0.160202,0.625
0.160202,0.6875
0.160202,0.71875
0.160202,0.703125
0.160202,0.734375
0.160647,0.25
0.160647,0.25
0.160675,0.125
0.16066,0.125
0.160652,0.125
0.160648,0.125
0.160646,0.125
0.160647,0.125
0.160647,0.125
0.160647,0.125
0.160647,0.125
0.160647,0.125
0.160647,0.125
0.160647,0.125
0.160647,0.125
0.160647,0.125
0.160647,0.125
0.16066,0.375
0.160652,0.375
0.160648,0.375
0.160646,0.375
0.160647,0.375
0.160647,0.375
0.160647,0.375
0.160647,0.375
0.160647,0.375
0.160647,0.375
0.160647,0.375
0.160647,0.375
0.160647,0.375
0.160647,0.375
0.160647,1
0.160647,0
0.160647,1
0.160647,0
0.160647,0.5
0.160647,0.75
0.160647,0.75
0.160647,0.625
0.160647,0.625
0.160647,0.625
0.160647,0.625
0.160647,0.625
0.160647,0.625
0.160647,0.625
0.160647,0.625
0.160675,0.875
0.16066,0.875
0.160652,0.875
0.160648,0.875
0.160646,0.875
0.160647,0.875
0.160647,0.875
0.160647,0.875
0.160647,0.875
0.160647,0.875
0.160647,0.875
0.160647,0.875
0.160647,0.875
0.160647,0.875
0.160647,0.875
0.160217,0.25
0.160217,0.25
0.160217,0.125
0.160217,0.375
0.160647,1
0.160647,0
0.160647,1
0.160647,0
0.160217,0.75
0.160217,0.75
0.160217,0.625
0.160217,0.875
0.160647,0.5
0.160647,0.5
0.160647,0.25
0.160647,0.75
6.89974e+08,0
6.89974e+08,1
6.89974e+08,0.5
6.89974e+08,0
6.89974e+08,1
6.89974e+08,0.5
0.160647,0.25
0.160647,0.75
6.89974e+08,0
6.89974e+08,1
6.89974e+08,0.5
6.89974e+08,0
6.89974e+08,1
6.89974e+08,0.5
0.160647,0.25
0.160647,0.75
6.89974e+08,1
6.89974e+08,0
6.89974e+08,1
6.89974e+08,0
0.160647,0.5
6.89974e+08,0
6.89974e+08,1
6.89974e+08,0
6.89974e+08,1
0.160647,0.5
6.89974e+08,1
6.89974e+08,0
6.89974e+08,1
6.89974e+08,0
6.89974e+08,0
6.89974e+08,1
6.89974e+08,0
6.89974e+08,1
6.89974e+08,0.5
6.89974e+08,1
6.89974e+08,0
6.89974e+08,1
6.89974e+08,0
6.89974e+08,0.5
6.89974e+08,1
6.89974e+08,0
6.89974e+08,1
6.89974e+08,0
6.89974e+08,0.5
6.89974e+08,1
6.89974e+08,0
6.89974e+08,1
6.89974e+08,0
6.89974e+08,0.5
6.89974e+08,1
6.89974e+08,0
6.89974e+08,1
6.89974e+08,0
6.89974e+08,0.5
6.89974e+08,1
6.89974e+08,0
6.89974e+08,1
6.89974e+08,0
6.89974e+08,0.5
6.89974e+08,1
6.89974e+08,0
6.89974e+08,1
6.89974e+08,0
6.89974e+08,0.5
6.89974e+08,1
6.89974e+08,0
6.89974e+08,1
6.89974e+08,0
6.89974e+08,0.5
6.89974e+08,0
6.89974e+08,1
6.89974e+08,0
6.89974e+08,1
6.89974e+08,0.5
0.0390625,0
0.0390625,1
0.0351562,0
0.0351562,1
0.0371094,0
0.0371094,1
0.0361328,0
0.0361328,1
0.0356445,0
0.0356445,1
0.0358887,0
0.0358887,1
0.0357666,0
0.0357666,1
0.0357056,0
0.0357056,1
0.035675,0
0.035675,1
0.0356598,0
0.0356598,1
0.0356522,0
0.0356522,1
0.0356483,0
0.0356483,1
0.0356464,0
0.0356464,1
0.0356474,0
0.0356474,1
0.0356469,0
0.0356469,1
0.0356472,0
0.0356472,1
0.0356473,0
0.0356473,1
0.0356472,0
0.0356472,1
0.0356472,0
0.0356472,1
0.0356472,0
0.0356472,1
0.0356472,0
0.0356472,1
0.0356472,0
0.0356472,1
0.0356472,0
0.0356472,1
0.0356472,0
0.0356472,1
0.0356472,0
0.0356472,1
1.53103e+08,0
1.53103e+08,1
1.53103e+08,0
1.53103e+08,1
1.53103e+08,0
1.53103e+08,1
1.53103e+08,0
1.53103e+08,1
1.53103e+08,0
1.53103e+08,1
6.89974e+08,0.5
1.53103e+08,0
1.53103e+08,1
1.53103e+08,0
1.53103e+08,1
1.53103e+08,0
1.53103e+08,1
1.53103e+08,0
1.53103e+08,1
1.53103e+08,0
1.53103e+08,1
6.89974e+08,0.5
1.53103e+08,1
1.53103e+08,0
1.53103e+08,1
1.53103e+08,0
1.53103e+08,1
1.53103e+08,0
1.53103e+08,1
1.53103e+08,0
6.89974e+08,0.5
1.53103e+08,1
1.53103e+08,0
1.53103e+08,1
1.53103e+08,0
1.53103e+08,1
1.53103e+08,0
6.89974e+08,0.5
1.53103e+08,0
1.53103e+08,1
1.53103e+08,0
1.53103e+08,1
1.53103e+08,0
1.53103e+08,1
6.89974e+08,0.5
1.53103e+08,1
1.53103e+08,0
1.53103e+08,1
1.53103e+08,0
1.53103e+08,1
1.53103e+08,0
1.53103e+08,1
1.53103e+08,0
6.89974e+08,0.5
1.53103e+08,0
1.53103e+08,1
1.53103e+08,0
1.53103e+08,1
1.53103e+08,0
1.53103e+08,1
6.89974e+08,0.5
0.0390625,0.5
0.0351562,0.5
0.0371094,0.5
0.0361328,0.5
0.0356445,0.5
0.0358887,0.5
0.0357666,0.5
0.0357056,0.5
0.035675,0.5
0.0356598,0.5
0.0356522,0.5
0.0356483,0.5
0.0356464,0.5
0.0356474,0.5
0.0356469,0.5
0.0356472,0.5
0.0356473,0.5
0.0356472,0.5
0.0356472,0.5
0.0356472,0.5
0.0356472,0.5
0.0356472,0.5
0.0356472,0.5
0.0356472,0.5
0.0356472,0.5
1.53103e+08,0.5
1.53103e+08,0.5
1.53103e+08,0.5
1.53103e+08,0.5
1.53103e+08,0.5
0.160647,0.25
6.89974e+08,0.25
6.89974e+08,0.25
6.89974e+08,0.25
0.160647,0.75
6.89974e+08,0.75
6.89974e+08,0.75
6.89974e+08,0.75
1.53103e+08,0.5
1.53103e+08,0.5
1.53103e+08,0.5
6.89974e+08,0.25
6.89974e+08,0.75
1.53103e+08,0.5
1.53103e+08,0.5
1.53103e+08,0.5
1.53103e+08,0.5
6.89974e+08,0.25
6.89974e+08,0.25
6.89974e+08,0.75
6.89974e+08,0.75
1.53103e+08,0.5
1.53103e+08,0.5
1.53103e+08,0.5
6.89974e+08,0.25
6.89974e+08,0.75
0.03125,0.75
0.046875,0.75
0.0390625,0.75
0.0351562,0.75
0.0371094,0.75
0.0361328,0.75
0.0356445,0.75
0.0358887,0.75
0.0357666,0.75
0.0357056,0.75
0.035675,0.75
0.0356598,0.75
0.0356522,0.75
0.0356483,0.75
0.0356464,0.75
0.0356474,0.75
0.0356469,0.75
0.0356472,0.75
0.0356473,0.75
0.0356472,0.75
0.0356472,0.75
0.0356472,0.75
0.0356472,0.75
0.0356472,0.75
0.0356472,0.75
0.0356472,0.75
0.0356472,0.75
1.53103e+08,0.75
1.53103e+08,0.75
1.53103e+08,0.75
1.53103e+08,0.75
1.53103e+08,0.75
0.160647,0.625
0.160647,0.625
6.89974e+08,0.625
6.89974e+08,0.625
6.89974e+08,0.625
0.160647,0.875
0.160647,0.875
6.89974e+08,0.875
6.89974e+08,0.875
6.89974e+08,0.875
0.0390625,0.25
0.0351562,0.25
0.0371094,0.25
0.0361328,0.25
0.0356445,0.25
0.0358887,0.25
0.0357666,0.25
0.0357056,0.25
0.035675,0.25
0.0356598,0.25
0.0356522,0.25
0.0356483,0.25
0.0356464,0.25
0.0356474,0.25
0.0356469,0.25
0.0356472,0.25
0.0356473,0.25
0.0356472,0.25
0.0356472,0.25
0.0356472,0.25
0.0356472,0.25
0.0356472,0.25
0.0356472,0.25
0.0356472,0.25
0.0356472,0.25
1.53103e+08,0.25
1.53103e+08,0.25
1.53103e+08,0.25
1.53103e+08,0.25
1.53103e+08,0.25
0.160647,0.125
0.160647,0.125
6.89974e+08,0.125
6.89974e+08,0.125
6.89974e+08,0.125
0.160647,0.375
0.160647,0.375
6.89974e+08,0.375
6.89974e+08,0.375
6.89974e+08,0.375
1.53103e+08,0.75
1.53103e+08,0.75
1.53103e+08,0.75
1.53103e+08,0.75
6.89974e+08,0.625
6.89974e+08,0.625
6.89974e+08,0.875
6.89974e+08,0.875
1.53103e+08,0.25
1.53103e+08,0.25
1.53103e+08,0.25
1.53103e+08,0.25
6.89974e+08,0.125
6.89974e+08,0.125
6.89974e+08,0.375
6.89974e+08,0.375
1.53103e+08,0.25
1.53103e+08,0.25
1.53103e+08,0.25
6.89974e+08,0.125
6.89974e+08,0.375
1.53103e+08,0.75
1.53103e+08,0.75
1.53103e+08,0.75
6.89974e+08,0.625
6.89974e+08,0.875
0.0625,0.875
0.03125,0.875
0.046875,0.875
0.0390625,0.875
0.0351562,0.875
0.0371094,0.875
0.0361328,0.875
0.0356445,0.875
0.0358887,0.875
0.0357666,0.875
0.0357056,0.875
0.035675,0.875
0.0356598,0.875
0.0356522,0.875
0.0356483,0.875
0.0356464,0.875
0.0356474,0.875
0.0356469,0.875
0.0356472,0.875
0.0356473,0.875
0.0356472,0.875
0.0356472,0.875
0.0356472,0.875
0.0356472,0.875
0.0356472,0.875
0.0356472,0.875
0.0356472,0.875
0.0356472,0.875
1.53103e+08,0.875
1.53103e+08,0.875
1.53103e+08,0.875
1.53103e+08,0.875
1.53103e+08,0.875
0.125,0.8125
0.1875,0.8125
0.15625,0.8125
0.171875,0.8125
0.164062,0.8125
0.160156,0.8125
0.162109,0.8125
0.161133,0.8125
0.160645,0.8125
0.160889,0.8125
0.160767,0.8125
0.160706,0.8125
0.160675,0.8125
0.16066,0.8125
0.160652,0.8125
0.160648,0.8125
0.160646,0.8125
0.160647,0.8125
0.160647,0.8125
0.160647,0.8125
0.160647,0.8125
0.160647,0.8125
0.160647,0.8125
0.160647,0.8125
0.160647,0.8125
0.160647,0.8125
0.160647,0.8125
0.160647,0.8125
0.160647,0.8125
6.89974e+08,0.8125
6.89974e+08,0.8125
6.89974e+08,0.8125
0.125,0.9375
0.1875,0.9375
0.15625,0.9375
0.171875,0.9375
0.164062,0.9375
0.160156,0.9375
0.162109,0.9375
0.161133,0.9375
0.160645,0.9375
0.160889,0.9375
0.160767,0.9375
0.160706,0.9375
0.160675,0.9375
0.16066,0.9375
0.160652,0.9375
0.160648,0.9375
0.160646,0.9375
0.160647,0.9375
0.160647,0.9375
0.160647,0.9375
0.160647,0.9375
0.160647,0.9375
0.160647,0.9375
0.160647,0.9375
0.160647,0.9375
0.160647,0.9375
0.160647,0.9375
0.160647,0.9375
0.160647,0.9375
6.89974e+08,0.9375
6.89974e+08,0.9375
6.89974e+08,0.9375
0.03125,0.625
0.046875,0.625
0.0390625,0.625
0.0351562,0.625
0.0371094,0.625
0.0361328,0.625
0.0356445,0.625
0.0358887,0.625
0.0357666,0.625
0.0357056,0.625
0.035675,0.625
0.0356598,0.625
0.0356522,0.625
0.0356483,0.625
0.0356464,0.625
0.0356474,0.625
0.0356469,0.625
0.0356472,0.625
0.0356473,0.625
0.0356472,0.625
0.0356472,0.625
0.0356472,0.625
0.0356472,0.625
0.0356472,0.625
0.0356472,0.625
0.0356472,0.625
0.0356472,0.625
1.53103e+08,0.625
1.53103e+08,0.625
1.53103e+08,0.625
1.53103e+08,0.625
1.53103e+08,0.625
0.160675,0.5625
0.16066,0.5625
0.160652,0.5625
0.160648,0.5625
0.160646,0.5625
0.160647,0.5625
0.160647,0.5625
0.160647,0.5625
0.160647,0.5625
0.160647,0.5625
0.160647,0.5625
0.160647,0.5625
0.160647,0.5625
0.160647,0.5625
0.160647,0.5625
0.160647,0.5625
0.160647,0.5625
6.89974e+08,0.5625
6.89974e+08,0.5625
6.89974e+08,0.5625
0.160647,0.6875
0.160647,0.6875
0.160647,0.6875
0.160647,0.6875
0.160647,0.6875
0.160647,0.6875
0.160647,0.6875
0.160647,0.6875
0.160647,0.6875
0.160647,0.6875
6.89974e+08,0.6875
6.89974e+08,0.6875
6.89974e+08,0.6875
0.160675,0.3125
0.16066,0.3125
0.160652,0.3125
0.160648,0.3125
0.160646,0.3125
0.160647,0.3125
0.160647,0.3125
0.160647,0.3125
0.160647,0.3125
0.160647,0.3125
0.160647,0.3125
0.160647,0.3125
0.160647,0.3125
0.160647,0.3125
0.160647,0.3125
0.160647,0.3125
0.160647,0.3125
6.89974e+08,0.3125
6.89974e+08,0.3125
0.160675,0.4375
0.16066,0.4375
0.160652,0.4375
0.160648,0.4375
0.160646,0.4375
0.160647,0.4375
0.160647,0.4375
0.160647,0.4375
0.160647,0.4375
0.160647,0.4375
0.160647,0.4375
0.160647,0.4375
0.160647,0.4375
0.160647,0.4375
0.160647,0.4375
0.160647,0.4375
0.160647,0.4375
6.89974e+08,0.4375
6.89974e+08,0.4375
1.53103e+08,0.875
1.53103e+08,0.875
1.53103e+08,0.875
6.89974e+08,0.8125
6.89974e+08,0.9375
0.171875,0.0625
0.164062,0.0625
0.160156,0.0625
0.162109,0.0625
0.161133,0.0625
0.160645,0.0625
0.160889,0.0625
0.160767,0.0625
0.160706,0.0625
0.160675,0.0625
0.16066,0.0625
0.160652,0.0625
0.160648,0.0625
0.160646,0.0625
0.160647,0.0625
0.160647,0.0625
0.160647,0.0625
0.160647,0.0625
0.160647,0.0625
0.160647,0.0625
0.160647,0.0625
0.160647,0.0625
0.160647,0.0625
0.160647,0.0625
0.160647,0.0625
0.160647,0.0625
6.89974e+08,0.0625
6.89974e+08,0.0625
0.15625,0.1875
0.171875,0.1875
0.164062,0.1875
0.160156,0.1875
0.162109,0.1875
0.161133,0.1875
0.160645,0.1875
0.160889,0.1875
0.160767,0.1875
0.160706,0.1875
0.160675,0.1875
0.16066,0.1875
0.160652,0.1875
0.160648,0.1875
0.160646,0.1875
0.160647,0.1875
0.160647,0.1875
0.160647,0.1875
0.160647,0.1875
0.160647,0.1875
0.160647,0.1875
0.160647,0.1875
0.160647,0.1875
0.160647,0.1875
0.160647,0.1875
0.160647,0.1875
0.160647,0.1875
6.89974e+08,0.1875
6.89974e+08,0.1875
1.53103e+08,0.625
1.53103e+08,0.625
1.53103e+08,0.625
6.89974e+08,0.5625
6.89974e+08,0.6875
0.0390625,0.125
0.0351562,0.125
0.0371094,0.125
0.0361328,0.125
0.0356445,0.125
0.0358887,0.125
0.0357666,0.125
0.0357056,0.125
0.035675,0.125
0.0356598,0.125
0.0356522,0.125
0.0356483,0.125
0.0356464,0.125
0.0356474,0.125
0.0356469,0.125
0.0356472,0.125
0.0356473,0.125
0.0356472,0.125
0.0356472,0.125
0.0356472,0.125
0.0356472,0.125
0.0356472,0.125
0.0356472,0.125
0.0356472,0.125
0.0356472,0.125
1.53103e+08,0.125
1.53103e+08,0.125
1.53103e+08,0.125
1.53103e+08,0.125
1.53103e+08,0.125
6.89974e+08,0.0625
6.89974e+08,0.1875
0.03125,0.375
0.046875,0.375
0.0390625,0.375
0.0351562,0.375
0.0371094,0.375
0.0361328,0.375
0.0356445,0.375
0.0358887,0.375
0.0357666,0.375
0.0357056,0.375
0.035675,0.375
0.0356598,0.375
0.0356522,0.375
0.0356483,0.375
0.0356464,0.375
0.0356474,0.375
0.0356469,0.375
0.0356472,0.375
0.0356473,0.375
0.0356472,0.375
0.0356472,0.375
0.0356472,0.375
0.0356472,0.375
0.0356472,0.375
0.0356472,0.375
0.0356472,0.375
0.0356472,0.375
1.53103e+08,0.375
1.53103e+08,0.375
1.53103e+08,0.375
1.53103e+08,0.375
1.53103e+08,0.375
6.89974e+08,0.3125
6.89974e+08,0.4375
