0,0
1,0
0.5,0
0,1
0,0.5
1,1
1,0.5
0.5,1
0.5,0.5
0,0.25
1,0.25
0,0.75
1,0.75
0.5,0.25
1,0.125
0,0.125
1,0.375
0,0.375
0.25,1
0.25,0
0.75,1
0.75,0
0.125,1
0.125,0
0.375,1
0.375,0
0.25,0.5
0.625,0
0.625,1
0.875,0
0.875,1
0.75,0.5
0.5,0.125
1,0.0625
0,0.0625
1,0.1875
0,0.1875
0.5,0.0625
0,0.03125
1,0.03125
0,0.09375
1,0.09375
0.5,0.375
1,0.3125
0,0.3125
1,0.4375
0,0.4375
0.125,0.5
0.375,0.5
0.25,0.25
0.5,0.75
0.25,0.75
0.5,0.4375
1,0.40625
0,0.40625
1,0.46875
0,0.46875
0.5,0.3125
0,0.28125
1,0.28125
0,0.34375
1,0.34375
0.25,0.375
0.75,0.25
0.75,0.375
0.5,0.03125
1,0.015625
0,0.015625
1,0.046875
0,0.046875
0.5,0.015625
0,0.0078125
1,0.0078125
0,0.0234375
1,0.0234375
0.5,0.1875
1,0.15625
0,0.15625
1,0.21875
0,0.21875
0.25,0.125
0.75,0.125
0.625,0.5
0.875,0.5
0.75,0.75
0.5,0.28125
1,0.265625
0,0.265625
1,0.296875
0,0.296875
0.8125,1
0.8125,0
0.9375,1
0.9375,0
0.5625,1
0.5625,0
0.6875,1
0.6875,0
0.5,0.296875
0,0.289062
1,0.289062
0,0.304688
1,0.304688
0.5,0.265625
0,0.257812
1,0.257812
0,0.273438
1,0.273438
0.25,0.3125
0.25,0.28125
0.75,0.3125
0.75,0.28125
0.8125,0.5
0.9375,0.5
0.875,0.25
0.875,0.75
0.78125,1
0.78125,0
0.84375,1
0.84375,0
0.125,0.25
0.125,0.125
0.375,0.25
0.375,0.125
0.25,0.0625
0.25,0.1875
0.5,0.21875
0,0.203125
1,0.203125
0,0.234375
1,0.234375
0.5,0.15625
0,0.140625
1,0.140625
0,0.171875
1,0.171875
0.5,0.171875
1,0.164062
0,0.164062
1,0.179688
0,0.179688
0.5,0.289062
0,0.285156
1,0.285156
0,0.292969
1,0.292969
0.75,0.1875
0.5,0.046875
1,0.0390625
0,0.0390625
1,0.0546875
0,0.0546875
0.25,0.03125
0.75,0.0625
0.75,0.03125
0.5,0.257812
1,0.253906
0,0.253906
1,0.261719
0,0.261719
0.625,0.25
0.625,0.375
0.875,0.375
0.75,0.4375
0.25,0.015625
0.75,0.015625
0.5,0.0078125
0.5,0.0234375
0.625,0.125
0.625,0.0625
0.625,0.03125
0.625,0.015625
0.875,0.125
0.875,0.0625
0.875,0.03125
0.875,0.015625
0.75,0.0078125
0.75,0.0234375
0.5,0.253906
0,0.251953
1,0.251953
0,0.255859
1,0.255859
0.125,0.375
0.375,0.375
0.25,0.4375
0.5625,0.5
0.5625,0.25
0.5625,0.125
0.5625,0.0625
0.5625,0.03125
0.6875,0.5
0.6875,0.25
0.6875,0.125
0.6875,0.0625
0.6875,0.03125
0.75,0.046875
0.625,0.046875
0.875,0.046875
0.5,0.0390625
0.75,0.0390625
0.5,0.0546875
0.75,0.0546875
0.65625,0
0.65625,1
0.65625,0.5
0.65625,0.25
0.65625,0.125
0.65625,0.0625
0.65625,0.03125
0.71875,0
0.71875,1
0.71875,0.5
0.71875,0.25
0.71875,0.125
0.71875,0.0625
0.71875,0.03125
0.6875,0.015625
0.6875,0.046875
0.5,0.203125
0,0.195312
1,0.195312
0,0.210938
1,0.210938
0.625,0.1875
0.6875,0.1875
0.53125,0
0.53125,1
0.53125,0.5
0.53125,0.25
0.53125,0.125
0.53125,0.0625
0.53125,0.03125
0.59375,0
0.59375,1
0.59375,0.5
0.59375,0.25
0.59375,0.125
0.59375,0.0625
0.59375,0.03125
0.5625,0.015625
0.5625,0.046875
0.5,0.09375
0.75,0.09375
0.625,0.09375
0.5625,0.09375
0.3125,0
0.3125,1
0.3125,0.5
0.3125,0.25
0.3125,0.375
0.4375,0
0.4375,1
0.4375,0.5
0.4375,0.25
0.4375,0.375
0.375,0.3125
0.375,0.4375
0.0625,0
0.0625,1
0.0625,0.5
0.0625,0.25
0.0625,0.375
0.1875,0
0.1875,1
0.1875,0.5
0.1875,0.25
0.1875,0.375
0.125,0.3125
0.125,0.4375
0.5,0.255859
0,0.254883
1,0.254883
0,0.256836
1,0.256836
0.125,0.75
0.375,0.75
0,0.625
1,0.625
0.5,0.625
0.25,0.625
0,0.875
1,0.875
0.5,0.875
0.25,0.875
0.5,0.251953
0,0.250977
1,0.250977
0,0.25293
1,0.25293
0.5,0.25293
0,0.252441
1,0.252441
0,0.253418
1,0.253418
0.25,0.265625
0.25,0.257812
0.25,0.253906
0.25,0.251953
0.25,0.25293
0.75,0.265625
0.75,0.257812
0.75,0.253906
0.75,0.251953
0.75,0.25293
0.5,0.252441
0.5,0.253418
0.5,0.140625
1,0.132812
0,0.132812
1,0.148438
0,0.148438
0.625,0.0234375
0.875,0.0234375
0,0.0195312
1,0.0195312
0.5,0.0195312
0.75,0.0195312
0,0.0273438
1,0.0273438
0.5,0.0273438
0.75,0.0273438
0.625,0.0078125
0.875,0.0078125
0,0.00390625
1,0.00390625
0.5,0.00390625
0.75,0.00390625
0,0.0117188
1,0.0117188
0.5,0.0117188
0.75,0.0117188
0.25,0.0078125
0.25,0.0117188
0,0.00976562
1,0.00976562
0.5,0.00976562
0,0.0136719
1,0.0136719
0.5,0.0136719
0.125,0.0625
0.125,0.03125
0.125,0.015625
0.125,0.0078125
0.125,0.0117188
0.375,0.0625
0.375,0.03125
0.375,0.015625
0.375,0.0078125
0.375,0.0117188
0.25,0.00976562
0.25,0.0136719
1,0.00878906
0,0.00878906
1,0.0107422
0,0.0107422
0.5,0.00878906
1,0.00830078
0,0.00830078
1,0.00927734
0,0.00927734
0.8125,0.25
0.8125,0.125
0.8125,0.0625
0.9375,0.25
0.9375,0.125
0.9375,0.0625
0.875,0.09375
0.25,0.0234375
1,0.0351562
0,0.0351562
1,0.0429688
0,0.0429688
0.5,0.0429688
0,0.0410156
1,0.0410156
0,0.0449219
1,0.0449219
0.5,0.0351562
0,0.0332031
1,0.0332031
0,0.0371094
1,0.0371094
0.5,0.0371094
1,0.0361328
0,0.0361328
1,0.0380859
0,0.0380859
0.625,0.4375
0.875,0.4375
0.5,0.40625
0.75,0.40625
0.5,0.46875
0.75,0.46875
0.5625,0.375
0.6875,0.375
0.625,0.3125
0.125,0.28125
0.125,0.265625
0.125,0.257812
0.125,0.253906
0.125,0.251953
0.125,0.25293
0.375,0.28125
0.375,0.265625
0.375,0.257812
0.375,0.253906
0.375,0.251953
0.375,0.25293
0.25,0.252441
0.25,0.253418
